184.421041666667	1.38510548069019
194.332673611111	1.57882024234223
195.036608796296	1.36768633403167
196.952858796296	1.36157832557588
197.629976851852	1.57616858518045
199.6378125	1.33723812153933
200.301689814815	1.35652588949957
202.246979166667	1.34817638640429
202.96806712963	1.35306705977406
204.895393518519	1.36329667865515
213.631458333333	1.36276315789474
215.4965625	1.35753774795224
221.425347222222	1.35716725285673
223.118773148148	1.35207446748641
225.0521875	1.53594877561011
225.754282407407	1.35356420354903
227.703229166667	1.3358365926369
228.362013888889	1.35460548655299
230.360474537037	1.34766986095193
231.05462962963	1.34439688224434
232.972233796296	1.34741316593045
233.675752314815	1.35103013083156
235.641689814815	1.35286301253812
236.301041666667	1.36807455582396
238.279050925926	1.35141859249477
238.991851851852	1.35069392967698
240.908483796296	1.34488179174967
243.583541666667	1.3631870191676
246.205810185185	1.33481602300673
246.925451388889	1.35461072900299
252.082384259259	1.3416047023015
254.774189814815	1.34455826721811
256.847372685185	1.36100844519784
259.520162037037	1.36071257917671
262.135543981481	1.36888185448524
262.704756944444	1.34957777947889
265.278946759259	1.34949032906388
270.636284722222	1.34274113482037
273.227488425926	1.34703005778072
275.918333333333	1.34009453826794
278.550208333333	1.35593949499279
281.16056712963	1.35065406326409
286.47962962963	1.34549627556198
289.10056712963	1.3474952166529
294.4046875	1.35376982574378
296.870590277778	1.34643782011733
302.332534722222	1.36242204809511
307.654780092593	1.33491102847132
310.247627314815	1.3602914459964
312.911701388889	1.35031756290301
315.585520833333	1.35198387318459
318.174386574074	1.3490665617213
326.102291666667	1.34870327638101
331.444768518519	1.3527512448407
336.731203703704	1.35910142954391
341.972152777778	1.36158462436427
347.296296296296	1.32646559945
349.912534722222	1.33681800236873
352.606655092593	1.34147986856689
360.541527777778	1.34936021507191
365.792094907407	1.32777896969292
368.475266203704	1.32903979357964
373.733726851852	1.33830602579605
375.845162037037	1.36535832325675
378.493530092593	1.35655217276141
381.15537037037	1.36053733853436
383.776736111111	1.35981650544135
391.730266203704	1.35997320805712
394.358819444444	1.36201178960097
397.016180555556	1.36902037875669
399.646851851852	1.37204735993551
402.296064814815	1.37169153972828
407.600509259259	1.36772621571605
412.889849537037	1.37076086693792
415.538240740741	1.3685228887188
418.191226851852	1.37320873638174
426.102071759259	1.36677340569878
428.728969907407	1.36558209751414
434.036284722222	1.36373561568677
436.680381944444	1.37680667529701
439.310150462963	1.36481944559176
441.963472222222	1.36397200124695
444.593506944444	1.37792332772402
447.240636574074	1.37999143490528
449.897025462963	1.37970929743374
452.527164351852	1.38009057225196
455.176203703704	1.37960790210515
457.828553240741	1.37400375186763
460.459293981481	1.37912200252419
465.754155092593	1.36980147818896
468.397893518519	1.37548248150202
471.04474537037	1.38372055111485
473.681770833333	1.37723169968963
481.612511574074	1.38359055532183
484.266030092593	1.38269173327724
486.917511574074	1.36624732424288
492.195763888889	1.38240206898196
494.12162037037	1.35798993963783
497.478020833333	1.36518906138225
500.127696759259	1.38430483012544
505.413587962963	1.37008358607017
513.352546296296	1.36527554018811
518.643993055556	1.37091365166176
523.924537037037	1.39155963399243
527.004050925926	1.382467906451
535.503541666667	1.39104901135886
538.536423611111	1.37907304342407
543.435706018519	1.3689389211898
546.469236111111	1.38508645554193
551.369305555556	1.38587280945019
554.396828703704	1.38268128413601
559.30337962963	1.36461969259049
562.329479166667	1.37657982538446
567.243969907407	1.36766009256402
570.233599537037	1.37893446658668
575.180081018519	1.37171572975009
583.254259259259	1.38390819267188
590.39880787037	1.38049374814976
595.3228125	1.39032603306285
598.50337962963	1.38513464719073
603.254016203704	1.38702205596007
606.412650462963	1.38380156565576
611.186539351852	1.39386542549293
614.349351851852	1.37821300865488
625.418113425926	1.39960292601502
628.598171296296	1.39854838031132
636.546238425926	2.0416020073877
641.275115740741	1.37624536251249
644.469351851852	1.3949376431042
649.2078125	1.39718949044586
652.248645833333	1.38349326756275
662.457175925926	1.40941411920285
670.391388888889	1.40561289822094
678.304548611111	1.39856207963081
689.310081018519	1.40612386625941
694.164722222222	1.40680921651262
702.097337962963	1.40343639617402
717.962164351852	1.39757326688575
721.003865740741	1.37448831842024
725.898553240741	1.40762993111339
742.172847222222	1.38552890187252
747.052349537037	1.4168196092503
754.987835648148	1.41015018975073
765.602592592593	1.40604797034777
773.541365740741	1.40870317091304
781.473252314815	1.41576059926372
789.39994212963	1.41428130641085
800.802280092593	1.38898189134809
804.177731481481	1.40989973920603
805.24037037037	1.40987638316141
810.987766203704	1.3876378484693
827.77755787037	1.39736194029851
829.028125	1.41422486638318
832.099756944444	1.38906313371937
834.363958333333	1.41033292412237
840.848587962963	1.42207246376812
860.759537037037	1.41209272548723
863.426273148148	1.42255330008572
863.849328703704	1.41704873310609
873.989444444444	1.41303928079188
876.624548611111	1.42437029565403
881.918506944444	1.42172458270106
887.263101851852	1.40195782913599
895.212233796296	1.40670807066801
898.183333333333	1.41890776505303
906.12224537037	1.41137240414355
911.413020833333	1.42080537886923
914.063148148148	1.4158772916692
919.331319444444	1.42027414010917
929.945740740741	1.41557845436101
938.011354166667	1.42319121790763
942.741967592593	1.40560921771031
945.899513888889	1.41463257616795
948.122291666667	1.39011902871065
952.764409722222	1.40185415216134
955.030231481481	1.41391579599004
958.009918981482	1.41804738757722
960.255428240741	1.40635996966548
963.30568287037	1.42576605963817
976.143333333333	1.42210660014472
981.398101851852	1.44039153585963
985.498912037037	1.41866415631048
987.707337962963	1.42918927943565
995.628125	1.42355117842574
998.704525462963	1.41981466621036
1001.35613425926	1.40687191705378
1003.74115740741	2.47868464932435
1009.28232638889	1.42233411133013
1011.87042824074	1.41728528671602
1017.20627314815	1.40199802669916
1019.41813657407	1.40915784542707
1022.51662037037	1.40297696909662
1024.78011574074	1.42653395628677
1032.71565972222	1.42668851582967
1035.69387731481	1.4339859140294
1038.37221064815	1.43119257467396
1040.61636574074	1.41554748326352
1043.2155787037	1.40551316915949
1046.31688657407	1.41533467470704
1048.52668981481	1.43886788837767
1051.14767361111	1.43274875919904
1054.24673611111	1.40132077433906
1056.45155092593	1.42500248107386
1059.08378472222	1.42793677952959
1062.24396990741	1.42382490272374
1064.37788194444	1.42731449113679
1067.01980324074	1.43050126417595
1070.10101851852	1.42917389867711
1072.30854166667	1.43212652322346
1078.02140046296	1.40685158391533
1080.2415625	1.43500940516891
1083.3428587963	1.40058878152679
1085.60827546296	1.41776176621599
1088.59356481481	1.3978723241877
1093.87449074074	1.40524738439422
1096.10496527778	1.43550208575183
1099.21322916667	1.40212313173786
1101.46563657407	1.43221367581384
1104.42202546296	1.41320074135272
1109.35702546296	1.4256308545069
1112.40039351852	1.40364591347732
1117.27388888889	1.42611293095977
1122.99388888889	1.40565276698183
1125.19944444444	1.42161740192375
1130.92484953704	1.40346203479587
1133.12782407407	1.42404634779384
1138.84751157407	1.4092673551184
1141.06125	1.42459864279599
1148.99081018519	1.43671033913624
1154.7099537037	1.41380779665739
1156.92077546296	1.41702630052453
1162.62077546296	1.41629120886971
1164.85396990741	1.42600882837664
1167.94173611111	1.41632678334724
1170.16958333333	1.43507332316506
1173.22328703704	1.43917302971303
1175.88078703704	1.42170626275977
1178.08697916667	1.42550267858284
1181.16461805556	1.42338608185019
1183.81520833333	1.45465233080984
1186.01165509259	1.43305245541484
1189.23074074074	1.42417482028119
1193.94498842593	1.4320620522934
1197.03153935185	1.43641701427788
1201.8753587963	1.41583033271446
1204.9812037037	1.4230674774326
1209.80527777778	1.43196405968317
1212.90554398148	1.42264199714477
1217.73875	1.41362844404239
1220.82167824074	1.43696908742913
1223.1087962963	1.42549723535883
1225.14866898148	1.41943144181441
1228.4025462963	1.41858958839362
1231.37376157407	1.44234581405133
1236.33559027778	1.42964254088968
1239.29032407407	1.43891614785992
1246.83482638889	1.41296246476368
1252.55743055556	1.41127531217837
1254.76519675926	1.41600814442612
1260.4925462963	1.42666511809438
1262.69525462963	1.41736337931917
1268.40877314815	1.44280750303874
1270.62822916667	1.42190888075079
1273.72123842593	1.43828358190989
1276.32822916667	1.4395345148142
1278.97789351852	1.43992063232997
1281.29446759259	1.42359632407992
1284.31319444444	1.44232410456978
1286.9244212963	1.44047150662623
1289.226875	1.42204132570678
1291.80957175926	1.4212063599819
1294.96858796296	1.43980590991161
1297.15938657407	1.41667366656732
1300.12140046296	1.43904752446643
1302.37055555556	1.41725561141681
1305.09421296296	1.42262309336778
1308.06262731481	1.43831876703761
1313.5106712963	1.42121907867059
1315.58179398148	1.42643423586277
1317.26275462963	1.42173644062233
1320.31728009259	1.43852807439746
1325.74760416667	1.43727234967871
1330.44392361111	1.42237152490616
1333.52511574074	1.44315091888542
1335.82297453704	1.44853960234017
1338.37510416667	1.42158926634595
1341.61775462963	1.42722325865533
1343.7546412037	1.4352141297467
1346.3083912037	1.42274369487854
1350.42856481481	1.4368037857421
1352.61606481481	1.42252842042152
1355.2466087963	1.42431128931212
1358.26798611111	1.43740014204374
1360.53979166667	1.42588957945713
1363.64532407407	1.43942180623894
1371.55032407407	1.44743150143381
1376.39552083333	1.43942646885052
1384.27396990741	1.42766793015682
1387.57193287037	1.44234717200179
1392.12300925926	1.44798422419598
1395.37028935185	1.44951465926155
1400.63259259259	1.41973113644907
1402.69943287037	1.44039264088526
1405.89229166667	1.43992895013316
1413.82878472222	1.44629611848195
1421.77457175926	1.43414177770362
1426.59537037037	1.45063376872756
1429.70341435185	1.42512315843887
1434.52915509259	1.44584173918949
1437.65621527778	1.42981671524108
1442.95856481481	1.45084091582807
1445.10805555556	1.43561590120156
1450.88628472222	1.43545423439971
1456.20422453704	1.42890323311678
1460.97349537037	1.44463387888552
1466.71946759259	1.43368091319337
1468.90827546296	1.46007828719871
1474.65719907407	1.44989080250039
1476.83994212963	1.45540219431211
1482.60144675926	1.44234617349609
1487.93578703704	1.42534175560892
1490.53221064815	1.43640603523358
1492.70621527778	1.45391295099731
1498.46741898148	1.43805447305998
1506.38215277778	1.43210312690475
1508.56974537037	1.43979824990223
1511.68790509259	1.45010332041988
1514.35710648148	1.43721316182787
1516.5950462963	1.4489115649668
1519.61732638889	1.44343308405096
1522.28334490741	1.44501616426923
1524.52866898148	1.46166035289032
1527.53479166667	1.4563187128457
1530.20241898148	1.45443554692272
1532.45974537037	1.43696365261621
1535.44543981481	1.46010061259028
1538.14818287037	1.45434057512741
1540.39144675926	1.45084621808791
1543.42103009259	1.43818216088191
1546.07447916667	1.43891896328294
1548.32603009259	1.45734279455815
1551.33668981481	1.44677499889039
1554.03436342593	1.44189056850201
1563.17363425926	1.44613440860215
1564.18957175926	1.44472270500668
1569.50282407407	1.44180189423836
1572.12351851852	1.46699045015161
1575.15515046296	1.45960151610074
1577.41328703704	1.43938635313989
1580.45586805556	1.45427402161687
1582.64777777778	1.46182124797486
1585.49927083333	1.45364454447379
1590.58517361111	1.44629559730138
1593.70712962963	1.45903762543799
1598.52949074074	1.441546229658
1601.65246527778	1.46108537483431
1606.48109953704	1.45424142142608
1609.56439814815	1.4641287653848
1614.44371527778	1.44450431333724
1617.48688657407	1.46130853429109
1622.81030092593	1.44608567275037
1656.69425925926	1.44238195361228
1659.7946412037	1.44636365108832
1667.74032407407	1.4707242263366
1672.54777777778	1.46094845593274
1675.69596064815	1.451134464452
1680.4787962963	1.44189878539874
1683.63259259259	1.44539023758099
1684.82841435185	1.49811198616637
1687.41255787037	1.4512243766934
1690.56888888889	1.45124020569651
1695.82219907407	1.44490236584615
1698.04711805556	1.47123328544526
1703.31125	1.45859742491729
1703.73520833333	1.45886854125581
1711.68194444444	1.44986062849373
1713.9131712963	1.45132843613772
1716.92094907407	1.46872341175006
1719.168125	1.46829769561291
1722.26025462963	1.46978062009822
1724.43320601852	1.45120944353755
1727.56384259259	1.46676647948164
1729.77611111111	1.46333839469816
1732.91885416667	1.47474947223722
1735.06582175926	1.46514197732723
1738.24778935185	1.47606266462334
1740.3306712963	1.45425312115684
1743.44266203704	1.44938442551059
1745.65136574074	1.46838739582158
1748.6900462963	1.45699916905877
1750.95351851852	1.47456034993396
1753.9940162037	1.4749646478207
1756.23765046296	1.51351480683822
1759.30712962963	1.44697866684749
1761.53267361111	1.46689974985204
1767.2262037037	1.46038408369844
1774.72924768519	1.45758668283597
1777.38480324074	1.48133320406148
1780.43234953704	1.45890537931736
1788.38265046296	1.46053815861813
1790.594375	1.46997501858102
1793.23655092593	1.46774930112065
1796.4475462963	1.46485125477459
1798.5381712963	1.47331394929372
1801.58501157407	1.44918591021082
1806.86921296296	1.46630577060417
1809.05956018519	1.47501812752927
1812.23378472222	1.45945625493446
1814.39193287037	1.48978451523132
1817.56615740741	1.4522983891399
1822.28994212963	1.47014106361433
1822.73287037037	1.45116534291327
1828.04241898148	1.45035232743945
1831.60858796296	1.4606280592899
1837.77924768519	1.4504476861167
1843.92038194444	1.4526937916426
1846.03060185185	1.47619653484291
1849.19858796296	1.45745374387684
1851.31884259259	1.48303180626561
1857.14064814815	1.4633127164642
1859.34295138889	1.47530346897932
1862.50287037037	1.46719574607759
1865.06686342593	1.46415337603723
1867.27452546296	1.48191938828048
1870.34431712963	1.45877752584386
1875.20857638889	1.48673072159595
1878.26513888889	1.4857784028584
1883.091875	1.49022529295707
1883.67899305556	1.46466982259279
1886.19546296296	1.45064190519168
1891.0134837963	1.47726349533407
1891.48241898148	1.46178853609528
1896.80295138889	1.46968660640105
1898.94511574074	1.47575321112714
1902.21649305556	1.47234672788959
1906.8753587963	1.46937998427326
1907.33909722222	1.46680567175339
1909.58229166667	1.46726380206285
1912.66466435185	1.46738864576384
1914.80696759259	1.47908466132213
1917.96587962963	1.47260711546124
1922.73939814815	1.48127060705144
1923.21850694444	1.4903013792502
1928.09300925926	1.50224288296346
1931.1428587963	1.47072626001551
1933.38162037037	1.47595457998004
1939.82863425926	1.47170919881306
1941.31391203704	1.4569459883793
1946.54864583333	1.47698478375791
1947.01612268519	1.47027461301062
1951.83240740741	1.48068291044237
1952.3068287037	1.46812005143511
1957.18105324074	1.47818387577824
1960.20789351852	1.47326975055298
1962.44953703704	1.46861850810745
1965.11347222222	1.46900570296334
1967.71568287037	1.47468376138576
1968.17390046296	1.46819957710829
1973.0450462963	1.47984266780431
1975.65226851852	1.47139207403543
1976.21850694444	1.47243091799733
1980.97935185185	1.48609772344645
1983.6080787037	1.46950642401356
1997.25953703704	1.45934659139809
2015.31314814815	1.47880256414254
2020.60755787037	1.46919022362662
2021.03052083333	1.46398745631406
2025.92914351852	1.4747933714661
2028.97325231481	1.46859814876863
2031.21740740741	1.48024726970991
2036.45709490741	1.46254878415292
2036.91976851852	1.46322556658857
2041.79502314815	1.47313793292572
2044.84164351852	1.46988206414864
2047.08296296296	1.47740801720319
2051.33997685185	1.47576335625194
2051.78898148148	1.48509256314015
2056.61111111111	1.55244202186304
2059.27084490741	1.48290242087092
2059.73209490741	1.47331808550087
2064.57059027778	1.47268506950134
2086.74571759259	1.47687151583305
2089.29803240741	1.47815262698278
2092.48841435185	1.46709375590798
2094.586875	1.47211226690174
2100.43774305556	1.47134156811405
2102.5191087963	1.49400934632571
2105.66403935185	1.47694337978666
2108.34607638889	1.47344206656601
2110.451875	1.48687397780175
2113.58270833333	1.476275761728
2116.28280092593	1.47032275176216
2118.48688657407	1.52239862964164
2121.54040509259	1.47458082033387
2124.24019675926	1.47140045940278
2126.81728009259	1.47027874508827
2129.00157407407	1.48578664899794
2131.6990162037	1.49978182849825
2134.75185185185	1.47786711883956
2139.65614583333	1.4991991369288
2140.0878587963	1.47112441324019
2145.36736111111	1.47856698997452
2147.56548611111	1.48644408413817
2150.63719907407	1.48384843035313
2155.93552083333	1.60908508028013
2158.54186342593	1.48379569233529
2163.41398148148	1.50944698669067
2163.87787037037	1.48734980467202
2169.19491898148	1.47827429202165
2171.33673611111	1.49764443145856
2174.56358796296	1.47991150110083
2176.65162037037	1.51130007994947
2185.03019675926	1.47413845304757
2187.64368055556	1.47735198665083
2192.97795138889	1.47945208859974
2195.09827546296	2.59212435997928
2197.7621412037	1.48939614891363
2198.36686342593	1.60798234774585
2200.89368055556	1.46624444921454
2202.8984375	1.47282971769706
2205.71398148148	2.64558553877164
2206.19959490741	1.46099615153533
2210.97128472222	1.46784019644307
2211.42569444444	1.46899417704194
2216.31305555556	1.46970474665766
2221.60131944444	1.48924874676752
2229.53505787037	1.48569240025841
2237.46737268519	1.47037665023433
2243.90358796296	1.4681293568092
2248.45344907407	1.40605046711576
2250.63243055556	1.42288811669286
2253.33315972222	1.41501576756948
2253.79414351852	1.42698294296458
2261.26575231482	1.44587432095259
2261.71041666667	1.41943270531084
2266.5252662037	1.56834646782017
2269.19814814815	1.41654978909498
2269.63184027778	1.42236450423348
2272.24915509259	1.41840687904989
2277.09675925926	1.43121366765411
2277.58715277778	1.4777016568656
2282.87329861111	1.48709008880227
2285.01322916667	1.50437047182721
2288.12503472222	1.47041572216694
2290.35326388889	1.48901787804578
2293.54856481481	1.47855914902962
2295.5765162037	1.47544020028105
2298.76517361111	1.48355211499603
2300.87142361111	1.46910018912936
2306.21908564815	1.48440341810555
2309.27583333333	1.47926251395882
2311.45322916667	1.48438853202514
2314.60991898148	1.48217357218848
2316.74331018519	1.48270446093869
2319.89039351852	1.48607935176878
2325.13792824074	1.47538482641837
2327.34195601852	1.48865667606388
2330.46450231482	1.48437326781853
2332.62515046296	1.49533858752247
2335.78390046296	1.47895568386432
2337.90704861111	1.48843942580504
2343.23849537037	1.49567768610073
2351.75636574074	1.48090532893959
2357.01516203704	1.48548540964884
2359.1030787037	1.48934393023799
2364.35644675926	1.49245602887493
2367.66042824074	1.48796517031865
2369.64653935185	1.50271938050664
2372.78077546296	1.49143145169198
2374.9684375	1.49459465160556
2380.24684027778	1.48836164972707
2385.51384259259	1.4804914032701
2388.64275462963	1.49057715216709
2390.79921296296	1.49772014656392
2393.91190972222	1.49627437882645
2396.10458333333	1.49505875351753
2399.20398148148	1.49531718344543
2404.52633101852	1.49670956394713
2406.67681712963	1.52340316238964
2409.76767361111	1.49503377041386
2411.98672453704	1.49468889994905
2419.38259259259	1.49974874566058
2421.55172453704	1.50181974560116
2426.86114583333	1.50220833770786
2435.24194444444	1.50673982016612
2437.3784837963	1.50347144509624
2442.69232638889	1.51549524120671
2446.76986111111	1.50508388245512
2448.98628472222	1.49872963449936
2452.10100694444	1.49282422910506
2454.30503472222	1.51682555804994
2457.40134259259	1.49656667684309
2459.58627314815	1.53786715307914
2462.64616898148	1.50178921632099
2464.87489583333	1.53489236986188
2467.95141203704	1.50312465023393
2473.265	1.50491003444226
2478.55390046296	1.51362846799329
2480.76394675926	1.50960196947692
2483.79513888889	1.5030571953993
2486.03424768519	1.54990626205898
2489.12791666667	1.5081412948632
2491.33706018519	1.49979629109359
2494.41511574074	1.50201742124458
2496.61412037037	1.50326489211401
2499.65229166667	1.51841763479817
2501.86064814815	1.51103840957901
2515.53849537037	1.50544359779395
2517.78814814815	1.52827846566158
2520.82701388889	1.50321103607961
2533.65627314815	1.52499132653476
2536.70877314815	1.51069506252033
2542.02534722222	1.50012121901024
2544.21915509259	1.5238316619425
2547.29116898148	1.49356534057558
2549.50708333333	1.51804333665047
2552.54282407407	1.49904683262276
2554.7453587963	1.51361639785136
2557.88638888889	1.50440673300494
2560.04855324074	1.518066791234
2568.43125	1.51256885008946
2570.59684027778	1.51705030814996
2575.90358796296	1.5148160164491
2581.16902777778	1.51047064705594
2586.47746527778	1.514403224444
2589.56983796296	1.51998809854131
2591.73991898148	1.51780194361308
2594.89252314815	1.4981152953566
2597.03821759259	1.51654258770451
2602.34289351852	1.50965673705407
2605.43469907407	1.50787370450861
2607.60572916667	1.51481479220219
2610.76854166667	1.51667351239717
2621.29837962963	1.51502677816744
2623.47728009259	1.51761269108276
2626.6366087963	1.50076538575949
2628.77444444444	1.52189447103922
2631.9096412037	1.51052350278225
2634.05755787037	1.52510730391934
2639.35521990741	1.52187681612438
2644.63364583333	1.53032436761429
2647.83982638889	1.52820674784142
2649.92579861111	1.52380430206947
2660.49394675926	1.5283822768004
2663.65415509259	1.51661033481172
2665.79721064815	1.51494705962335
2668.93746527778	1.52870649116006
2671.08549768519	1.53409538212714
2674.20458333333	1.51038676253629
2676.36885416667	1.52557775967492
2684.80234953704	1.52582758049646
2686.95543981481	1.51058988648342
2690.05212962963	1.51447578361555
2698.90206018519	1.49533183127248
2700.69430555556	1.93661373043941
2705.94086805556	1.50624471821657
2708.10368055556	1.50932207176802
2713.38167824074	1.52520967847116
2713.86263888889	1.51141320219894
2729.2543287037	1.52112301791082
2734.57658564815	1.52191968193441
2735.00644675926	1.51885422516312
2739.84744212963	1.53925089071594
2742.95864583333	1.50942325659448
2745.14194444444	1.5236077446016
2750.43056712963	1.53199161039415
2753.57693287037	1.51881752837602
2755.70068287037	1.52174719536685
2758.89201388889	1.50868822323015
2760.99712962963	1.52726252536958
2771.63209490741	1.55034055621402
2774.68121527778	1.5255364435065
2778.94928240741	1.52642689252496
2781.16299768519	1.52958636921769
2786.45747685185	1.52387172694629
2789.58655092593	1.52027732014398
2791.71784722222	1.53628021622958
2794.83877314815	1.5166814836446
2797.03766203704	1.54047538465127
2811.69361111111	1.52730153890418
2813.87020833333	1.53017283284134
2816.97568287037	1.5204197962719
2827.5834375	1.54493611510661
2832.83961805556	1.5142286060249
2835.02777777778	1.53953860598377
2843.44177083333	1.52880546249482
2856.20060185185	1.53552081829614
2859.4443287037	1.53149221605099
2882.6809837963	1.5474452991898
2888.38480324074	1.51849399873414
2890.5569212963	1.53746204892283
2893.64454861111	1.51510457555444
2898.54961805556	1.57466321265511
2901.58319444444	1.53180102796637
2903.78172453704	1.53293506526222
2909.09086805556	1.5484008639216
2909.52061342593	1.53129581290003
2914.86155092593	1.53230827383443
2917.02467592593	1.5336280848999
2922.88112268519	1.52831209270745
2924.95734953704	1.54152234695906
2927.57543981481	1.5524561003534
2935.97540509259	1.52792071283627
2940.81822916667	1.54878932375369
2943.94734953704	1.52655327205549
2951.86179398148	1.53493761254393
2954.04556712963	1.54117685243718
2956.67730324074	1.54069808850491
2959.81681712963	1.54004142883257
2961.98497685185	1.55364354922762
2970.45971064815	1.54560020302639
2972.53846064815	1.54485601113441
2975.65280092593	1.55313970783881
2985.78888888889	1.54916745513644
2988.40421296296	1.56387831811844
2991.62614583333	1.55503532866798
3001.64644675926	1.55487667581753
3004.77962962963	1.53969289054633
3009.57368055556	1.53373808595174
3010.02454861111	1.54335602620246
3020.62914351852	1.53659954368233
3025.89638888889	1.54610146592302
3033.66076388889	1.54472495572944
3038.67802083333	1.54534094129259
3046.60990740741	1.53254063090692
3049.69989583333	1.53881350987054
3051.88016203704	1.54908539942273
3088.90961805556	1.54493305762631
3091.97329861111	1.53140597822858
3102.46327546296	1.54628536360776
3104.77445601852	1.56013799420643
3107.84798611111	1.5685442071047
3110.05574074074	1.55588536152894
3112.70561342593	1.53885485957918
3117.98075231481	1.56700775383175
3123.30209490741	1.55528645135128
3128.61790509259	1.54715443844582
3136.55903935185	1.63317645923984
3143.841875	1.54473242374719
3151.45482638889	2.10730775340445
3151.79646990741	1.53184948641501
3156.67421296296	1.54915425035858
3159.35417824074	1.55117591378094
3159.70436342593	1.54849589546727
3167.67181712963	1.54702270245059
3172.96920138889	1.55620050071964
3175.23957175926	1.59388393603065
3175.62306712963	1.54566275540929
3180.55167824074	1.83217955529522
3185.79469907407	1.56067449922749
3191.11122685185	1.6202600025605
3191.61527777778	1.57137790893417
3199.41258101852	1.5439073769897
3201.69185185185	3.0544440890858
3204.67642361111	1.56621645669979
3207.36251157407	1.5666036345521
3214.91224537037	1.66419626820277
3230.75331018519	1.64302212475432
3231.16604166667	1.55205881346341
3236.0593287037	1.85889887338247
3239.10943287037	1.55323368860354
3241.30206018519	1.57714573423735
3246.56032407407	1.57000055195338
3249.73472222222	1.53479156623679
3257.154375	1.56526099955454
3257.55646990741	1.55223788697519
3259.79951388889	1.55974739697724
3262.89162037037	1.54761754587087
3265.10040509259	1.5713259977647
3270.95527777778	1.58170267450274
3273.0208912037	1.54844814939586
3280.95835648148	1.61686396435781
3288.88854166667	1.55308519990574
3296.88549768519	2.00490050157537
3302.6425	1.57387197824993
3304.75364583333	1.58578872644615
3310.58092592593	1.54994734011356
3315.32912037037	1.55944392512382
3315.89702546296	1.56590628378417
3323.26321759259	1.58194247515403
3325.91127314815	1.56422551971216
3331.62196759259	1.57477504838662
3334.24084490741	1.57561550131875
3339.13417824074	1.58652127718401
3339.6612962963	1.56636959847958
3344.86295138889	1.58748889987409
3347.06751157407	1.58129761877699
3352.35380787037	1.58159365529474
3358.07572916667	1.6206893485673
3360.28497685185	1.56295105433137
3365.57760416667	1.58137925756085
3370.86805555556	1.58241998299482
3378.80554398148	1.57906925348645
3384.08684027778	1.59637929615693
3389.37429398148	1.58744514754945
3392.44199074074	1.56146435394376
3394.66416666667	1.56932345444561
3399.95268518519	1.56947610647202
3410.5659375	1.57731105107132
3415.87310185185	1.57443695214531
3423.8078587963	1.76523501197403
3434.38334490741	1.59440934460084
3437.02725694444	1.73276428031574
3442.31516203704	1.67082027527896
3444.95990740741	1.606116184174
3452.91663194444	2.05118141722873
3460.80908564815	1.58365159909979
3468.74232638889	1.66549872822574
3473.99167824074	1.60200123356409
3476.67931712963	1.59651619791083
3484.62797453704	1.59761838203531
3485.10092592593	1.57698290117772
3500.4946875	1.59075714034174
3505.79628472222	1.58766508186568
3510.07347222222	1.6192677544133
3515.84171296296	1.58531239284006
3520.64954861111	1.5612384745547
3525.93865740741	1.77891552907226
3529.05574074074	1.58572396977447
3531.22912037037	1.59519035562402
3534.38273148148	1.57343059500088
3536.51724537037	1.63734546576975
3545.44905092593	1.66216354299368
3548.0925	1.58578315309008
3553.38077546296	1.63236734717956
3556.02570601852	1.64473593294414
3563.95913194444	1.61426163192887
3571.89228009259	1.62899744523094
3579.84773148148	1.66872199090002
3585.15326388889	1.70389955019052
3587.78118055556	1.72382759907996
3590.86429398148	1.58457337549
3593.08554398148	1.60210129450407
3595.71001157407	1.6228154297836
3596.15972222222	1.591483326765
3601.01734953704	1.64486710562519
3603.64177083333	1.61530267032665
3606.72268518519	1.57781326586519
3608.95003472222	1.69383067835837
3611.57787037037	1.70272799714617
3612.01386574074	1.56801755589555
3616.88508101852	1.60354495957285
3619.51324074074	1.59953086024821
3619.97770833333	1.58285526156043
3622.59929398148	1.58255177839018
3624.81677083333	1.67998730345958
3627.39171296296	1.5783751575718
3627.90047453704	1.55504701178072
3632.6903125	1.59883600796217
3635.32923611111	1.58728547649407
3654.34263888889	1.6040105563293
3664.41832175926	1.58736027902099
3667.07283564815	1.58495443617809
3672.86484953704	1.59713431330012
3677.6455787037	1.59183814226289
3680.28869212963	1.58628563722837
3682.93929398148	1.58944697728609
3683.41600694444	1.57194275694025
3688.22304398148	1.65545278659231
3690.87290509259	1.59339428319941
3696.1630787037	1.58482764569873
3701.45231481481	1.58659738577171
3707.23023148148	1.59680475803722
3709.38380787037	1.58201509490695
3712.02814814815	1.60834999483685
3712.48799768519	1.59360685043797
3719.96221064815	1.5900092314766
3720.42951388889	1.6170536701405
3723.10607638889	1.57942093320621
3725.24696759259	1.60221881935553
3727.89587962963	1.62339413615964
3731.04256944444	1.61176297859212
3733.1783912037	1.6956670760901
3735.82737268519	1.60686882160956
3738.97528935185	1.6462363616219
3741.11055555556	1.60702931901592
3743.75864583333	1.57523821322731
3746.91168981481	1.57557849165168
3749.04791666667	1.6173334288522
3751.69349537037	1.59783406718537
3754.83189814815	1.58487508467514
3756.98253472222	1.62584270037949
3760.09858796296	1.59001662885966
3764.95101851852	1.61171831527636
3767.563125	1.61505065668496
3768.04456018519	1.58660872714871
3772.90195601852	1.63802471778062
3775.54782407407	1.6458889108936
3775.94344907407	1.58185816016494
3778.63334490741	1.59261255289861
3780.8356712963	1.6119280639933
3783.47949074074	1.6144453549391
3783.92425925926	1.60023008003913
3788.76733796296	1.69135517444456
3791.4112037037	1.60828474399364
3794.0546875	1.76660076994506
3794.49173611111	1.58927689268658
3796.69865740741	1.81048626306671
3799.751875	1.59477783932571
3807.72329861111	1.59460554818144
3812.566875	1.66789653364761
3815.20107638889	1.6165097088082
3823.14365740741	1.63975706346848
3823.55518518519	1.62448384865491
3828.43237268519	1.83487251229444
3831.07965277778	1.61282341014849
3834.12457175926	1.59215287232999
3836.36820601852	1.61158512521219
3838.95518518519	2.26885570533622
3839.42662037037	1.61539201486363
3846.88789351852	1.59901419327984
3855.27459490741	1.62153909698107
3857.9031712963	1.58738356623701
3862.75743055556	1.59259934430968
3868.04505787037	1.58481391996692
3870.68965277778	1.60932035101088
3874.97690972222	1.58893283451768
3877.67925925926	1.6401619852522
3878.05483796296	1.60452528408659
3882.9115162037	1.57263474251144
3885.61460648148	1.57711345014095
3890.91430555556	1.7149927860858
3893.54644675926	1.69374058676328
3907.76583333333	1.63662846823222
3910.41078703704	1.61352415699951
3915.70047453704	1.85025201739848
3923.63113425926	1.60703697432448
3934.24802083333	1.57076337411951
3939.51864583333	1.61092659745377
3942.52638888889	1.56685978826111
3947.45547453704	1.60122399664487
3953.14517361111	1.57152891024384
3955.39322916667	2.13356331245702
3961.05552083333	1.57038408260951
3965.98092592593	1.57791205137957
3966.3619212963	1.5726534906165
3968.99998842593	1.56300296076196
3971.59896990741	1.57637708771984
3973.91413194444	2.06863560002985
3976.48042824074	1.5962142207901
3981.85447916667	1.57017271368885
3984.4141087963	1.57017986375854
3989.7212962963	1.58119555792943
3995.43238425926	1.58374966901825
3997.65539351852	1.64276202762404
4000.29134259259	1.58556348693814
4000.67208333333	1.57951674623389
4005.58467592593	1.63907963710142
4008.23472222222	1.56276304132252
4008.61981481481	1.56274918394514
4013.5146875	1.58318540049913
4019.20486111111	1.55420571694047
4021.4487037037	1.5902470629157
4024.50512731481	1.57381248347207
4032.03777777778	1.59539056171607
4032.40582175926	1.57240087302745
4039.97038194444	1.61939035091947
4047.90560185185	1.57762451694045
4050.98453703704	1.58103902376676
4055.83976851852	1.59673014617959
4061.11506944444	1.58825037321578
4063.76585648148	1.61750869834063
4066.41252314815	1.58836027975702
4069.45409722222	2.01902841285706
4071.70407407407	1.57436461928496
4074.3440625	1.58740347029593
4074.77020833333	1.57284922926105
4077.3894212963	1.59202703734604
4079.63934027778	1.61718767354865
4082.28481481482	1.59052709778863
4082.69305555556	1.583691542263
4084.92679398148	1.60134571776366
4087.57071759259	1.59262218217384
4088.00939814815	1.71523359261097
4090.63225694444	1.88576913425009
4092.85813657407	1.62616734251869
4106.48480324074	1.6090904889684
4108.74736111111	1.58812959970069
4111.36736111111	1.59922948329263
4116.68987268519	1.60575023965707
4119.33475694444	1.93164009050317
4119.72996527778	1.56535244027023
4124.64322916667	2.24330784683812
4127.19288194444	1.57688579173432
4132.59072916667	1.66001893731529
4140.52361111111	1.99133456624926
4148.4406712963	1.74243790175278
4151.06494212963	1.56769469748843
4151.43760416667	1.58041216995404
4158.99884259259	1.65036440522712
4162.00614583333	1.57384308529438
4166.95010416667	1.63172659677973
4167.2844212963	1.56207668813268
4169.92099537037	1.55919407716452
4172.18326388889	1.57161916551462
4177.87774305556	1.59177837712152
4188.11018518519	1.56805417056108
4190.75422453704	1.63636544337126
4196.03622685185	1.67101698428237
4198.68711805556	1.69004302272091
4201.6872337963	1.76870099451184
4203.95202546296	1.6354607238852
4206.61925925926	1.77417896127169
4209.62248842593	1.67144869954538
4211.8918287037	1.63817550076649
4214.55584490741	1.80158096772901
4219.83675925926	1.58990136681083
4222.49262731481	1.59651893373789
4222.82201388889	1.58081523847957
4225.45947916667	1.564553028908
4227.7577662037	1.62091690585358
4230.40709490741	1.59440019744794
4230.75763888889	1.63924930474424
4235.70811342593	2.25564915605021
4242.6300462963	1.58616381836301
4245.63356481482	1.67063069647516
4248.2853587963	1.61210269931438
4250.57476851852	1.56040564897375
4253.21201388889	1.5939580754083
4253.54086805556	1.55105507780697
4258.50594907407	1.58357591351407
4261.15045138889	1.62233848236557
4261.48773148148	1.5657651831966
4273.07768518519	1.55230208114236
4275.3722337963	1.93580840563312
4278.02521990741	1.60359066146339
4278.374375	1.54603549242996
4285.94706018519	1.54877824661399
4293.88475694444	1.9583122109893
4299.17082175926	1.57166071522936
4301.81434027778	1.75557690846004
4307.10251157407	2.1354066310159
4309.74659722222	1.77642319961468
4317.68006944444	1.69561604956124
4322.96929398148	1.64545595651207
4325.55597222222	1.58930907264605
4330.90143518519	1.54739089613703
4333.48810185185	1.55624138002739
4336.49164351852	1.74428325635462
4338.78503472222	1.5421069794586
4346.71123842593	1.54982138155176
4349.7530787037	1.5601097445697
4354.64652777778	1.54682401568916
4357.29149305556	1.8990199735899
4357.63238425926	1.54870988252513
4365.22446759259	1.5917536209404
4373.15915509259	1.5633731062167
4373.50756944444	1.55235538002742
4381.48571759259	1.56514260534863
4386.38431712963	1.56249906379325
4389.02939814815	1.55419195271956
4389.41673611111	1.64038333034953
4392.04032407407	1.67336207060101
4397.32547453704	1.57269013228158
4404.8990625	1.60469997488129
4410.18792824074	1.56500556112799
4412.83199074074	1.55640430264302
4413.17976851852	1.82105916973162
4420.76459490741	1.56291806710032
4423.81039351852	1.59052968132993
4426.05336805556	1.58122492088652
4428.69905092593	1.56709190613021
4429.08902777778	1.89730207758821
4431.74431712963	1.55394599025807
4433.9812037037	1.55158201113125
4444.56480324074	1.56536537948603
4452.49541666667	1.55046955778965
4457.81266203704	1.56846765182582
4460.84012731481	1.5594536549276
4465.77509259259	2.37247859555416
4473.70670138889	1.83473827569001
4481.63842592593	2.20896077296771
4489.58518518518	1.62440794292039
4492.21641203704	1.61820008649568
4497.49364583333	1.7541447801292
4500.14899305556	1.88040130351539
4505.42613425926	1.76992785990613
4508.05947916667	1.93473639037991
4515.99935185185	1.5872523104284
4521.30475694444	1.55522300095245
4547.77290509259	1.56013414123161
4548.04815972222	2.19843977872582
4553.02662037037	1.66750184026816
4555.68475694444	1.87040659245986
4560.95081018519	1.59087925209022
4563.62650462963	1.57371919074971
4572.89230324074	1.57104391820745
4576.81042824074	1.55128194578812
4579.47716435185	1.62799705398547
4584.75740740741	1.58780243039285
4587.4105787037	1.62394891329395
4587.7416087963	1.57718902575928
4592.71244212963	1.55389138407299
4601.85119212963	1.55694967547657
4607.60520833333	2.44059906966979
4614.86693287037	1.54336900080696
4615.53384259259	2.12719432944571
4626.14324074074	2.0402788635225
4634.07427083333	1.94582725194414
4642.00193287037	2.88320014035337
4649.93331018519	2.10499063837028
4676.30023148148	1.54177783174685
4680.8262037037	1.57678509030702
4694.83712962963	1.5590946301575
4695.15269675926	1.56732041203928
4697.79650462963	1.55805310736537
4700.11741898148	1.56629181628665
4702.77728009259	1.55420648954044
4705.73043981481	1.62108991303055
4710.70649305556	1.62368200103005
4713.66234953704	2.01725308883034
4718.63630787037	1.56411166787365
4718.96231481481	1.72619504553827
4721.60524305556	1.5639983067161
4723.93563657407	1.63721812091163
4726.56804398148	1.56080658698
4729.53986111111	1.53175317516461
4734.49746527778	1.59116185674035
4734.86400462963	1.56969103601884
4739.1553587963	1.54915921820552
4742.42725694444	1.56245018622047
4742.78846064815	1.55119639141563
4745.41185185185	2.61050075023371
4750.3553587963	1.67194731433974
4750.71625	1.5495329058332
4755.68010416667	1.56817155751409
4763.61357638889	1.9286594329546
4766.5525	1.67299232804599
4774.15162037037	1.68947235906347
4774.51145833333	2.01206549317125
4782.42927083333	2.70722751107009
4795.32659722222	1.82955976625904
4797.95662037037	1.57186015578507
4805.90467592593	1.65996867268058
4806.22277777778	1.81648181146949
4808.89342592593	1.74934776950801
4813.85394675926	2.09804038452549
4816.8324537037	1.82543457325828
4821.82211805556	3.16637037399648
4824.76619212963	2.12848274650024
4827.09802083333	2.54367174572319
4829.7555787037	1.76700461163494
4832.68291666667	1.9392181500231
4835.02778935185	2.67030847687595
4837.70582175926	2.06729711186686
4845.64054398148	1.54423166146682
4853.56179398148	2.10084909771391
4861.79355324074	2.33319843559579
4869.44650462963	2.20758038305223
4874.65172453704	2.23195433627355
4877.37202546296	2.23950160927837
4890.53145833333	1.7683022707456
4893.23055555556	1.82723149874001
4893.50824074074	2.19007831157955
4898.47684027778	1.57766507367373
4909.38789351852	1.47190505451277
4914.35278935185	1.60892205901901
4916.97791666667	1.57913911429434
4917.34331018519	1.78628067588154
4919.97642361111	2.00530566908411
4922.29247685185	1.56567352773585
4924.90925925926	1.45220783950647
4930.22726851852	1.77104815358923
4932.83930555556	1.66621921676911
4933.18084490741	1.25
4935.80733796296	1.71464529123699
4938.16434027778	2.16712172776538
4940.77515046296	1.81416391917332
4946.09291666667	1.57100323765638
4948.74862268519	2.27101296454613
4949.0775	1.99638854515527
4954.02112268519	1.61250405914707
4956.68954861111	2.36265269193103
4961.94850694444	1.64222102982997
4964.57841435185	1.5881256031698
4967.58731481481	1.78002968223971
4968.93194444444	1.70702033469947
4971.49549768519	1.93370609090451
4976.8622337963	2.53622768802504
4979.80085648148	1.506563870758
4983.84868055556	1.54149417108604
4992.66212962963	2.16046403272361
5001.59315972222	1.62825220234373
5009.52428240741	2.38093933324009
5012.19075231481	1.78374104542907
5012.54649305556	1.73619159660002
5015.18663194444	2.15521020348779
5020.46133101852	2.16332034951254
5025.38521990741	1.56771191178935
5028.08111111111	1.6740874933686
5033.32778935185	1.67255648335325
5036.0103125	1.7371294402455
5036.30210648148	1.64631796812682
5043.94313657407	1.61279891048107
5049.20748842593	1.59339702778087
5054.87590277778	1.69051298359314
5059.81545138889	1.55462313893696
5062.78814814815	1.83049501503519
5067.74658564815	1.65314932827484
5070.71913194444	1.62193636525347
5075.67643518519	2.28450129085284
5076.0418287037	1.69004084904957
5080.96770833333	1.62814932833722
5083.62253472222	1.78964030777641
5088.90177083333	1.95156365499601
5091.90177083333	1.61283143536453
5094.52461805556	1.92450669513552
5096.83438657407	1.96422833170909
5099.82570601852	1.69982078768825
5102.42978009259	3.00445735438856
5104.78471064815	1.54937912629611
5107.40346064815	1.65991663808639
5107.78488425926	2.03660041055934
5118.32672453704	2.070250711987
5120.64618055556	1.50664777447196
5126.26005787037	1.60174936082016
5136.51471064815	1.73867465244628
5139.5174537037	2.28987917816286
5144.45008101852	1.6054281059305
5147.43072916667	3.10298918627513
5152.36298611111	1.99896374419068
5154.99084490741	2.07612316672789
5155.37385416667	2.14989358368944
5158.01952546296	1.72684910341804
5165.95699074074	2.82858951017102
5168.23402777778	2.06013307454155
5170.8796875	1.79319123061237
5173.8875462963	2.34876778398462
5178.79590277778	1.95223761420721
5181.82260416667	2.40225872830265
5186.73331018519	1.73389475533935
5189.7765625	2.93742684287379
5192.01863425926	1.94827359014662
5194.68197916667	1.84762498013833
5199.96400462963	1.84989530026331
5221.1456712963	2.077760012521
5223.74865740741	1.66956288180162
5229.04576388889	1.61934967130805
5231.68481481481	1.75267892768807
5234.70478009259	2.51586089457207
5239.6243287037	1.59066006303985
5239.97606481481	1.91878415025758
5242.64013888889	1.7583800618843
5244.94459490741	2.25947231242759
5252.87126157407	1.99811823427214
5255.52990740741	2.34199493247502
5274.39297453704	1.61122668660999
5290.28681712963	1.73394001883211
5292.54478009259	1.66567207558214
5298.22063657407	1.91466687970251
5300.4634375	3.29448253275109
5303.51133101852	1.9200269094815
5306.16334490741	1.84977922564097
5311.06769675926	2.18482544130088
5311.44796296296	1.59117327218684
5319.00820601852	1.77131853630219
5326.90905092593	1.69410304564327
5329.95384259259	2.27382008955198
5332.20418981481	1.70125144261512
5333.83967592593	1.8510349831566
5342.20291666667	2.47421253188169
5344.82638888889	1.960952598926
5347.07258101852	1.75254844480976
5349.69355324074	2.23205545699219
5350.1237037037	2.0500284016789
5352.75534722222	2.24484791859845
5414.56766203704	1.90622738740063
5417.23243055556	1.57309317392597
5419.45318287037	2.09295921922183
5422.09945601852	2.55370583934042
5422.49215277778	1.87114904230494
5425.17155092593	1.60815948375365
5427.37314814815	2.3202819860823
5430.03675925926	2.60553269521691
5430.43096064815	2.54468696719956
5433.08725694444	2.05280122725889
5435.3133912037	2.1681433501071
