16384
16385
16386
16387
16388
16389
16390
16391
16392
16393
16394
16395
16396
8298
8299
8300
8301
8302
8303
8304
8305
8306
8307
8308
8309
8310
8311
8312
8313
8314
8315
8316
8317
8318
4290
4291
4292
4293
4294
4295
4296
4297
4298
4299
4300
4301
4302
4303
4304
4305
4306
4307
4308
4309
4310
2432
6529
2434
2435
2436
2437
2438
2345
2346
2347
2348
2349
2350
2351
2352
2353
2354
2355
2356
2357
2358
2359
2360
2361
2362
2363
2364
2442
2366
2367
2368
2369
2370
2371
2372
2373
2374
2375
2376
2377
2378
2379
2380
2381
2382
2383
2384
2385
10578
10579
10580
10581
10582
10583
10584
10585
10586
10587
10588
10589
10590
10591
10592
10593
10594
10595
10596
10597
10598
6519
6520
6521
6522
6523
6524
6525
6526
6527
6528
2433
6530
6531
6532
6533
6534
6535
6536
6537
6538
6539
2444
2445
2446
2447
2448
2449
2450
2451
13049
13055
2604
2605
2606
2607
2608
2609
2610
2611
2612
2613
2614
2615
2616
2617
2618
2619
2620
2621
2622
2623
2624
13048
1492
13050
13051
13052
13053
13054
1493
13056
13057
13058
13059
13060
13061
13062
13063
13064
13065
13066
13067
13182
5060
5061
5062
5063
5064
5065
5066
5067
5068
5069
5070
5071
5072
5073
5074
5075
5076
5077
5078
5079
5080
17369
17370
17371
17372
996
997
998
62505
62506
62507
15409
15410
15411
15412
15413
15414
15415
15416
15417
15418
15419
15420
15421
15422
15423
15424
15425
15426
15427
15428
15429
1283
1284
1285
1286
1287
1288
1289
1294
1295
1319
1320
1321
1322
1323
1324
1325
1326
1327
1328
1329
1330
1331
1332
1333
1334
1335
1336
1337
1338
1339
1340
1341
1342
1343
1344
1345
1346
1347
1348
1349
1350
1351
1352
1353
1354
1355
1356
1357
1358
1359
1360
1361
1362
1363
1364
1365
1366
1367
1368
1369
1370
1371
1372
1373
1374
1375
1376
1377
1378
1379
1380
1381
1382
1385
9640
9641
9642
9643
9644
9645
9646
9647
9648
9649
9650
9651
9652
9653
9654
9655
9656
9657
9658
9659
9660
1484
1485
1486
1487
1488
1489
1490
1491
9684
9685
1494
1495
1496
1497
1498
1499
1500
1501
1502
1503
1504
2439
2440
2441
11889
11890
11891
11892
11893
11894
11895
11896
11897
11898
11899
11900
11901
11902
11903
11904
11905
11906
11907
11908
11909
2443
17351
17352
17353
17354
17355
17356
17357
17358
17359
17360
17361
17362
17363
17364
17365
17366
17367
17368
18405
18395
18396
18397
18398
18406
18399
18400
18401
18402
18403
18407
18404
5979
5980
5981
5982
5983
5984
5985
5986
5987
5988
5989
5990
5991
5992
5993
5994
5995
5996
5997
5998
5999
18408
18387
18388
18389
18390
18391
18392
18393
18394
14299
14300
14301
14302
14303
14304
14305
14306
14307
14308
14309
14310
14311
14312
14313
14314
14315
14316
14317
14318
14319
6133
6134
6135
16376
16377
16378
16379
16380
16381
16382
16383
