0002
0005
0006
0007
0009
0010
0011
0012
0014
0015
0016
0017
0024
0025
0028
0057
0058
0059
0087
0098
0102
0108
0127
0131
210
214
0331
0336
0337
359
0457
0459
0460
0589
0597
0599
0601
0604
0605
0608
0609
0610
0613
0614
0629
0636
0638
0640
0651
0657
704
0758
0759
0974
0975
996
1000
1001
1004
1005
1009
1010
1011
1012
1013
1014
1099
1100
1101
1103
1167
1169
1198
1199
1225
1236
1237
1244
1246
1248
1252
1318
1385
1420
1437
1451
1481
1484
1514
1515
1516
1524
1561
1703
1704
1705
1790
1795
1801
1852
1869
1879
1884
1885
1887
1888
1890
1891
1892
1895
1897
1901
1904
1926
2305
2335
2336
2337
2338
2420
2462
2463
2464
2471
2523
2527
2528
2529
2530
2531
2532
2533
2534
2536
2538
2547
2557
2558
2559
2569
2570
2571
2575
2583
2584
2585
2600
2601
2602
2603
2608
2702
2971
3015
3166
3167
3168
3380
3381
3403
3410
3456
3457
3479
3491
3559
3573
3574
3667
3668
3669
3674
3675
3676
3677
3706
3707
3708
3709
3714
3715
3716
3722
3728
3729
3731
3738
3753
3755
3756
3762
3764
3766
3773
3831
4149
4367
4406
4416
4430
4431
4453
4471
4482
4483
4485
4491
4509
4513
4532
4546
4560
4643
4644
5023
5040
5042
5043
5044
5045
5060
5063
5064
5065
5066
5067
5068
5069
5070
5071
5072
5073
5074
5075
5076
5077
5078
5079
5080
5102
5169
5170
5172
5173
5189
5342
5343
5344
5345
5346
5347
5348
5349
5375
5377
5378
5380
5388
5389
5390
5393
5394
5395
5396
5397
5401
5407
5408
5409
5410
5412
5413
5414
5419
5420
5425
5427
5433
5440
5441
5445
5460
5520
5542
5543
5544
5545
5546
5550
5581
5584
5598
5599
5770
5796
5839
5906
5955
5956
5957
5958
5970
5971
5972
5973
5974
6021
6022
6024
6026
6067
6068
6081
6082
6090
6113
6119
6120
6121
6132
6133
6134
6135
6138
6166
6171
6174
6204
6230
6231
6232
6233
6235
6236
6237
6238
6239
6240
6241
6244
6245
6247
6248
6260
6268
6286
6287
6348
6363
6371
6374
6375
6400
6409
6416
6417
6418
6419
6427
6428
6429
6430
6431
6434
6435
6441
6443
6444
6449
6450
6451
6452
6453
6454
6455
6456
6457
6458
6459
6460
6461
6462
6463
6464
6465
6466
6467
6468
6469
6470
6471
6472
6473
6474
6475
6476
6477
6478
6479
6480
6481
6482
6483
6484
6485
6486
6487
6488
6489
6490
6491
6492
6493
6494
6495
6496
6497
6498
6499
6500
6501
6502
6503
6504
6505
6506
6507
6508
6509
6510
6511
6512
6513
6514
6515
6516
6517
6518
6519
6520
6521
6522
6523
6524
6525
6526
6527
6528
6529
6530
6531
6532
6533
6534
6535
6536
6537
6538
6539
6540
6541
6542
6543
6544
6545
6546
6547
6548
6549
6550
6551
6552
6553
6554
6555
6556
6557
6558
6559
6561
6562
6567
6568
6569
6601
6613
6615
6616
6617
6618
6622
6627
6628
6629
6630
6631
6632
6633
6634
6635
6636
6637
6638
6639
6640
6641
6642
6643
6644
6645
6646
6647
6648
6690
6709
6710
6714
6715
6716
6717
6718
6722
6731
6737
6738
6739
6744
6745
6746
6867
6874
6892
6893
6894
6895
6896
6897
6898
6899
6900
6901
6908
6909
6922
6923
6924
6925
6926
6927
6979
6980
6981
6982
6983
6984
6985
6986
6987
6988
6989
6990
6991
6992
6993
7000
7001
7002
7003
7004
7005
7006
7007
7008
7009
7010
7011
7012
7013
7014
7015
7032
7064
7067
7068
7189
7194
7195
7201
7202
7203
7204
7228
7229
7243
7244
7245
7246
7247
7249
7251
7253
7261
7262
7263
7264
7268
7269
7278
7280
7281
7282
7291
7293
7294
7295
7296
7297
7298
7304
7305
7319
7320
7326
7336
7341
7342
7360
7361
7362
7363
7364
7365
7366
7371
7375
7376
7377
7378
7379
7380
7381
7382
7383
7384
7385
7386
7387
7388
7389
7390
7403
7407
7408
7409
7410
7411
7412
7413
7416
7419
7424
7431
7432
7433
7434
7435
7436
7437
7438
7441
7442
7445
7449
7450
7451
7452
7456
7457
7462
7485
7489
7490
7501
7511
7554
7555
7556
7557
7558
7559
7586
7587
7588
7589
7590
7592
7593
7612
7616
7617
7620
7621
7707
7722
7742
7797
7798
7799
7800
7823
7829
7830
7879
7880
7942
7943
7944
7945
7946
7947
7948
8120
8170
8215
8224
8225
8226
8227
8228
8229
8242
8274
8275
8276
8277
8278
8279
8280
8281
8282
8283
8284
8285
8286
8287
8288
8289
8290
8291
8292
8293
8294
8295
8296
8297
8298
8299
8300
8301
8302
8303
8304
8305
8306
8307
8308
8309
8310
8311
8312
8313
8314
8315
8316
8317
8318
8319
8320
8321
8322
8323
8324
8325
8326
8327
8328
8329
8330
8331
8332
8333
8334
8335
8336
8337
8338
8339
8340
8341
8342
8343
8344
8345
8346
8347
8348
8349
8350
8351
8352
8353
8354
8355
8356
8357
8358
8359
8360
8368
8369
8370
8375
8377
8378
8379
8380
8388
8396
8436
8444
8445
8446
8450
8451
8452
8453
8454
8456
8484
8485
8486
8487
8488
8489
8490
8495
8498
8504
8509
8519
8522
8523
8525
8537
8538
8539
8542
8543
8544
8545
8546
8547
8548
8556
8563
8568
8582
8589
8590
8591
8592
8593
8594
8595
8596
8597
8599
8600
8894
8895
8896
8897
8898
8899
8900
8905
8906
8907
8908
8911
8912
8923
8924
8925
8929
8930
8934
8935
8936
8937
8940
8967
8972
8985
8986
8993
9000
9042
9069
9076
9117
9118
9123
9126
9131
9144
9148
9149
9150
9151
9169
9170
9171
9172
9173
9174
9231
9276
9277
9463
9481
9482
9483
9484
9485
9486
9487
9488
9489
9490
9491
9492
9493
9494
9495
9496
9497
9498
9499
9500
9501
9502
9503
9504
9505
9508
9531
9568
9571
9573
9574
9575
9578
9580
9581
9582
9583
9589
9590
9591
9592
9593
9596
9617
9619
9620
9621
9622
9623
9624
9625
9626
9627
9628
9629
9630
9631
9632
9633
9634
9635
9636
9637
9638
9640
9641
9642
9643
9644
9645
9646
9647
9648
9649
9650
9651
9652
9653
9654
9655
9656
9657
9658
9659
9660
9661
9662
9663
9664
9665
9666
9667
9668
9669
9670
9671
9672
9673
9674
9675
9676
9677
9678
9679
9680
9681
9682
9683
9684
9685
9686
9687
9688
9689
9698
9699
9700
9703
9704
9705
9706
9707
9708
9709
9710
9711
9712
9713
9714
9715
9716
9718
9750
9764
9765
9773
9776
9800
9807
9809
9815
9816
9817
9830
9831
9847
9849
9854
9855
9856
9857
9858
9859
9860
9861
9867
9868
9871
9884
9885
9889
9890
9891
9892
9893
9894
9895
9896
9898
9899
9909
9910
9912
9913
9915
9916
9917
9919
9920
9922
9923
9924
9926
9927
9928
9929
9930
9931
9933
9934
9935
9936
9937
9938
9939
9940
9941
9942
9943
9944
9945
9946
9947
9948
9949
9950
9952
9966
9967
9969
9970
10062
10068
10069
10070
10132
10133
10134
10135
10136
10137
10138
10139
10164
10168
10185
10221
10222
10223
10224
10225
10226
10227
10228
10229
10403
10404
10405
10406
10407
10408
10409
10410
10495
10497
10498
10499
10500
10538
10556
10571
10575
10577
10578
10579
10580
10581
10582
10583
10584
10585
10586
10587
10588
10589
10590
10591
10592
10593
10594
10595
10596
10597
10598
10599
10600
10601
10602
10603
10604
10605
10606
10607
10608
10609
10610
10611
10612
10613
10614
10615
10616
10617
10618
10619
10620
10621
10622
10623
10624
10625
10626
10627
10628
10629
10630
10631
10632
10633
10634
10635
10636
10637
10638
10639
10640
10641
10642
10643
10659
10660
10661
10662
10663
10664
10665
10667
10668
10669
10670
10671
10672
10673
10675
10676
10677
10678
10679
10680
10690
10691
10692
10693
10694
10695
10698
10700
10701
10703
10722
10723
10724
10725
10726
10759
10760
10761
10762
10764
10765
10771
10775
10776
10777
10778
10779
10780
10781
10782
10784
10787
10789
10791
10793
10801
10809
10810
10811
10812
10814
10815
10816
10817
10823
10824
10825
10826
10827
10829
10830
10831
10832
10833
10834
10835
10836
10839
10840
10841
10842
10843
10844
10845
10846
10850
10852
10853
10854
10855
10856
10857
10858
10859
10860
10861
10869
10872
10873
10881
10892
10893
10894
10895
10897
10905
10926
10934
10935
10936
10939
10940
10941
10942
10943
10944
10945
10946
10947
10948
10949
10950
10951
10952
10953
10954
10955
10956
10957
10958
10959
10960
10961
10962
10963
10964
10965
10966
10967
10968
10969
10970
10971
10972
10973
10974
10976
10977
10978
10979
10980
10981
10982
10984
10991
10992
10994
10998
11000
11001
11009
11010
11011
11013
11014
11015
11017
11019
11021
11022
11027
11028
11044
11045
11048
11058
11072
11074
11088
11089
11090
11091
11114
11231
11240
11245
11308
11387
11388
11390
11391
11586
11605
11606
11713
11714
11715
11716
11758
11792
11793
11795
11797
11798
11804
11805
11814
11815
11816
11817
11818
11820
11843
11846
11847
11848
11849
11851
11858
11888
11889
11890
11891
11892
11893
11894
11895
11896
11897
11898
11899
11900
11901
11902
11903
11904
11905
11906
11907
11908
11910
11911
11912
11913
11914
11915
11916
11917
11918
11919
11920
11921
11922
11923
11924
11925
11926
11927
11928
11929
11930
11931
11932
11933
11934
11935
11936
11937
11938
11939
11940
11941
11942
11943
11944
11945
11946
11947
11948
11949
11950
11951
11952
11953
11954
11955
11960
11961
11962
11963
11964
11965
11966
11967
11970
11972
11974
11975
11976
11986
11987
11990
11991
11992
11993
11994
12000
12005
12009
12012
12013
12020
12021
12025
12032
12033
12034
12035
12036
12037
12039
12040
12042
12043
12044
12045
12046
12047
12048
12049
12050
12051
12052
12053
12054
12055
12057
12058
12059
12060
12061
12064
12065
12066
12067
12068
12069
12070
12071
12072
12073
12074
12075
12089
12090
12097
12099
12100
12101
12102
12103
12104
12115
12116
12117
12118
12121
12122
12123
12125
12126
12127
12128
12129
12132
12133
12135
12137
12138
12139
12145
12146
12147
12154
12155
12165
12166
12203
12204
12206
12213
12218
12219
12220
12222
12223
12226
12227
12228
12230
12231
12232
12233
12234
12235
12236
12295
12296
12297
12298
12299
12312
12313
12324
12325
12332
12333
12334
12336
12351
12355
12356
12357
12359
12360
12384
12393
12394
12396
12397
12398
12399
12403
12404
12444
12447
12452
12456
12457
12458
12459
12460
12472
12474
12507
12508
12509
12510
12514
12515
12516
12517
12518
12519
12520
12521
12522
12523
12524
12525
12539
12548
12555
12697
12753
12754
12861
12874
12875
12913
12915
12917
12925
12926
12927
12928
12929
12930
12931
12932
12933
12934
12935
12936
13016
13017
13019
13022
13025
13031
13032
13033
13034
13035
13046
13089
13090
13096
13097
13115
13121
13131
13132
13133
13134
13146
13147
13148
13161
13177
13181
13182
13183
13184
13188
13197
13198
13200
13204
13205
13206
13207
13219
13221
13223
13224
13233
13236
13238
13239
13240
13242
13243
13244
13250
13251
13258
13259
13261
13263
13264
13270
13271
13274
13275
13282
13283
13293
13294
13303
13304
13406
13419
13460
13461
13512
13513
13519
13522
13525
13614
13615
13616
13617
13618
13619
13620
13630
13631
13632
13636
13644
13651
13658
13659
13660
13661
13662
13663
13664
13665
13666
13667
13668
13669
13670
13675
13676
13680
13684
13712
13714
13715
13716
13717
13718
13719
13721
13735
13750
13751
13752
13754
13755
13756
13757
13783
13838
13839
13840
13841
13842
13843
13844
13845
13846
13847
13848
13849
13850
13851
13852
13853
13854
13855
13856
13857
13864
13865
13920
13921
13967
13968
13989
13990
13993
13994
13995
13996
14191
14192
14193
14221
14222
14223
14229
14232
14233
14234
14238
14239
14240
14246
14247
14248
14249
14250
14251
14252
14253
14254
14255
14256
14265
14266
14267
14276
14277
14278
14279
14280
14281
14282
14283
14284
14285
14286
14287
14288
14289
14290
14291
14292
14293
14294
14295
14296
14297
14298
14299
14300
14301
14302
14303
14304
14305
14306
14308
14309
14310
14311
14312
14313
14314
14315
14316
14317
14318
14319
14320
14321
14322
14323
14324
14325
14326
14327
14352
14357
14370
14373
14374
14375
14377
14392
14393
14394
14396
14397
14401
14402
14403
14404
14405
14406
14410
14411
14413
14414
14415
14416
14417
14418
14422
14425
14426
14427
14428
14432
14438
14439
14440
14441
14447
14455
14456
14457
14458
14460
14461
14462
14463
14465
14466
14468
14474
14480
14481
14482
14533
14534
14535
14538
14539
14542
14543
14567
14568
14569
14570
14598
14599
14601
14602
14605
14606
14616
14634
14649
14654
14658
14659
14660
14661
14678
14679
14680
14681
14682
14683
14684
14685
14687
14697
14698
14811
14884
14941
14942
14943
14944
14945
14946
14991
15040
15041
15042
15043
15044
15045
15075
15076
15085
15086
15087
15088
15089
15090
15178
15179
15180
15182
15183
15184
15185
15199
15200
15201
15202
15263
15264
15269
15270
15271
15272
15273
15274
15275
15276
15277
15278
15293
15294
15295
15395
15396
15397
15398
15399
15400
15401
15402
15403
15404
15405
15406
15407
15408
15409
15410
15411
15412
15413
15414
15415
15416
15417
15418
15419
15420
15421
15422
15423
15424
15425
15426
15427
15428
15429
15430
15431
15432
15433
15434
15435
15436
15437
15438
15439
15440
15441
15442
15443
15444
15445
15446
15447
15448
15449
15450
15465
15474
15475
15476
15477
15478
15479
15480
15481
15482
15483
15484
15494
15511
15524
15554
15561
15562
15563
15564
15565
15566
15567
15568
15569
15570
15580
15593
15596
15607
15612
15616
15626
15627
15628
15630
15631
15636
15639
15640
15641
15647
15651
15654
15657
15659
15660
15661
15662
15673
15674
15675
15676
15677
15678
15679
15680
15681
15690
15701
15704
15706
15714
15715
15716
15717
15718
15719
15720
15721
15722
15730
15731
15732
15733
15734
15737
15738
15739
15740
15741
15742
15743
15744
15747
15748
15749
15765
15781
15801
15809
15810
15872
15874
15875
16004
16079
16080
16089
16090
16109
16131
16142
16143
16174
16175
16176
16177
16178
16179
16180
16181
16182
16183
16184
16185
16186
16187
16188
16189
16190
16191
16192
16193
16194
16195
16196
16197
16198
16199
16200
16201
16202
16203
16204
16205
16206
16207
16208
16209
16210
16211
16212
16213
16214
16215
16216
16217
16218
16219
16220
16221
16223
16224
16225
16244
16245
16246
16247
16257
16258
16259
16265
16276
16277
16307
16308
16309
16311
16313
16314
16357
16358
16359
16360
16361
16362
16363
16364
16365
16368
16369
16370
16371
16374
16375
16376
16377
16378
16379
16380
16381
16382
16383
16384
16385
16386
16387
16388
16389
16390
16391
16392
16393
16394
16395
16396
16397
16398
16399
16400
16401
16402
16403
16404
16405
16406
16407
16408
16409
16410
16411
16412
16413
16414
16415
16416
16417
16418
16422
16423
16424
16425
16426
16427
16428
16429
16430
16431
16442
16443
16444
16445
16446
16447
16448
16449
16450
16451
16452
16453
16454
16455
16456
16457
16458
16459
16460
16461
16462
16463
16464
16473
16474
16478
16479
16480
16481
16482
16483
16492
16493
16494
16495
16508
16509
16510
16511
16527
16528
16529
16530
16531
16532
16533
16534
16535
16536
16537
16539
16540
16546
16547
16548
16557
16558
16559
16571
16578
16581
16584
16585
16586
16587
16590
16591
16592
16593
16595
16596
16597
16604
16605
16606
16607
16608
16609
16610
16612
16614
16615
16616
16617
16620
16621
16622
16626
16627
16628
16629
16630
16631
16632
16633
16634
16635
16636
16637
16640
16641
16642
16643
16644
16645
16646
16647
16653
16654
16655
16659
16667
16668
16670
16671
16672
16675
16677
16678
16679
16680
16681
16682
16683
16684
16688
16689
16690
16691
16692
16693
16694
16702
16703
16704
16705
16706
16707
16709
16710
16711
16735
16738
16739
16740
16741
16756
16757
16770
16946
16954
16963
16964
16965
16966
17102
17103
17104
17105
17108
17109
17110
17133
17134
17135
17136
17137
17138
17139
17140
17141
17142
17143
17144
17145
17146
17147
17149
17150
17151
17236
17237
17238
17239
17240
17241
17244
17249
17258
17259
17260
17261
17262
17263
17264
17265
17266
17267
17268
17269
17270
17271
17272
17273
17274
17275
17276
17277
17278
17279
17280
17281
17282
17283
17284
17285
17286
17312
17314
17323
17324
17325
17326
17327
17328
17329
17330
17331
17332
17333
17334
17335
17336
17337
17338
17339
17340
17341
17342
17343
17344
17345
17346
17347
17348
17349
17350
17351
17352
17353
17354
17355
17356
17357
17358
17359
17360
17361
17362
17363
17364
17365
17366
17367
17368
17369
17370
17371
17372
17377
17378
17383
17384
17385
17387
17389
17391
17392
17393
17394
17395
17396
17413
17414
17415
17416
17417
17420
17423
17424
17425
17426
17427
17428
17429
17430
17431
17432
17433
17434
17435
17436
17437
17438
17441
17442
17448
17449
17452
17471
17472
17481
17485
17486
17489
17505
17506
17507
17508
17509
17510
17511
17512
17513
17514
17515
17516
17517
17518
17519
17520
17521
17522
17523
17524
17525
17526
17527
17528
17529
17530
17531
17535
17537
17539
17542
17543
17544
17545
17546
17552
17555
17556
17561
17562
17564
17565
17566
17567
17573
17574
17575
17576
17593
17600
17602
17603
17630
17633
17634
17638
17639
17640
17641
17642
17644
17645
17646
17647
17648
17649
17650
17655
17657
17660
17671
17677
17679
17680
17682
17694
17696
17697
17701
17704
17710
17715
17720
17721
17722
17723
17730
17731
17732
17734
17737
17738
17739
17740
17741
17745
17764
17765
17766
17787
17788
17789
17790
17791
17792
17793
17794
17857
17858
17860
17873
17874
17877
17896
17898
17899
17901
17904
18014
18015
18016
18017
18021
18055
18056
18057
18058
18084
18085
18086
18144
18145
18146
18147
18148
18192
18202
18203
18271
18272
18273
18274
18275
18276
18304
18305
18306
18307
18308
18344
18355
18356
18357
18358
18359
18360
18361
18362
18363
18364
18365
18366
18367
18368
18369
18370
18371
18372
18373
18374
18375
18376
18377
18378
18379
18380
18381
18382
18383
18384
18385
18386
18387
18388
18389
18390
18391
18392
18393
18394
18395
18396
18397
18398
18399
18400
18401
18402
18403
18404
18405
18406
18407
18408
18409
18410
18411
18412
18413
18414
18415
18416
18421
18422
18441
18452
18461
18462
18471
18472
18473
18474
18475
18476
18477
18478
18479
18480
18481
18592
18593
18594
18595
18615
18616
18617
18618
18619
18620
18621
18622
18623
18641
18670
18671
18672
18673
18674
18675
18681
18682
18683
18687
18688
18697
18698
18699
18706
18709
18710
18719
18720
18721
18722
18724
18725
18727
18728
18729
18730
18731
18732
18733
18734
18735
18736
18737
18738
18739
18741
18743
18748
18749
18750
18751
18752
18753
18754
18756
18758
18759
18761
18768
18769
18785
18786
18787
18791
18792
18793
18794
18795
18796
18797
18798
18799
18803
18808
18814
18821
18823
18830
18833
18834
18839
18840
18841
18842
18844
18846
18849
18852
18855
18857
18858
18859
18861
18871
18874
18884
18886
18889
18912
18913
18914
18915
18925
18928
18930
18931
18932
18933
18951
18955
18984
18985
18986
18990
18999
19000
19011
19012
19015
19016
19017
19289
19290
19291
19293
19444
19445
19449
19450
19451
19519
19520
19521
19564
19565
19568
19572
19604
19687
19694
19703
19704
19708
19709
19711
19712
19713
19714
19717
19718
19719
19720
19726
19727
19744
19747
19748
19782
19785
19786
19787
19788
19789
19790
19791
19792
19793
19794
19795
19796
19797
19798
19799
19800
19801
19802
19803
19804
19805
19806
19807
19808
19809
19810
19811
19812
19813
19814
19815
19816
19817
19818
19819
19820
19821
19822
19823
19824
19825
19826
19827
19828
19829
19830
19831
19832
19833
19834
19835
19836
19837
19838
19839
19840
19841
19842
19843
19844
19845
19846
19847
19848
19853
19854
19855
19856
19857
19858
19859
19860
19861
19862
19863
19864
19865
19866
19867
19882
19885
19888
19889
19890
19900
19903
19904
19906
19907
19913
19914
19915
19925
19927
19928
19929
19930
19932
19933
19938
19941
19943
19948
19949
19950
19951
19952
19953
19955
19956
19957
19958
19970
19971
19979
19980
19983
19989
19996
19998
20008
20010
20011
20016
20017
20018
20019
20020
20022
20027
20028
20029
20030
20031
20036
20037
20038
20039
20040
20041
20043
20044
20047
20048
20059
20063
20070
20073
20077
20079
20080
20082
20084
20093
20094
20095
20096
20097
20099
20105
20118
20119
20125
20126
20130
20169
20203
20204
20205
20206
20449
20450
20451
20525
20526
20614
20615
20616
20624
20632
20637
20719
20720
20721
20729
20730
20752
20793
20794
20798
20799
20807
20808
20809
20813
20819
20820
20821
20822
20823
20824
20826
20827
20832
20833
20834
20835
20837
20838
20839
20840
20841
20842
20843
20844
20869
20870
20871
20872
20873
20874
20875
20877
20878
20880
20881
20884
20885
20886
20904
20905
20906
20909
20927
20942
20943
20944
20982
20983
20984
20985
21037
56946
57567
62410
62422
62423
62435
62538
