 
--------------------------------------------------------------------------------
Data for Table Block MONITOR
--------------------------------------------------------------------------------
 
ROW    Time                 HAFTBGRD1            ST_HAFTBGRD1 HAFTBGRD2            ST_HAFTBGRD2 HAFTBGRD3            ST_HAFTBGRD3
 
     1 631154463.4146903753         4.1719360352          0    -0.05490112304688          0        -4.1170349121          0
     2 631154496.2146923542         4.1719360352          0    -0.05490112304688          0        -4.1170349121          0
     3 631154529.0146943331         4.1719360352          0    -0.05490112304688          0        -4.1170349121          0
     4 631154561.8146961927         4.1719360352          0    -0.05490112304688          0        -4.1170349121          0
     5 631154594.6146981716         4.1719360352          0    -0.05490112304688          0        -4.1170349121          0
     6 631154627.4147000313         4.1719360352          0    -0.05490112304688          0        -4.1170349121          0
     7 631154660.2147020102         4.1719360352          0    -0.05490112304688          0        -4.1170349121          0
     8 631154693.0147038698         4.1719360352          0    -0.05490112304688          0        -4.1170349121          0
     9 631154725.8147058487         4.1719360352          0    -0.05490112304688          0        -4.1170349121          0
    10 631154758.6147078276         4.1719360352          0    -0.05490112304688          0        -4.1170349121          0
    11 631154791.4147096872         4.1719360352          0    -0.05490112304688          0        -4.1170349121          0
    12 631154824.2147116661         4.1719360352          0    -0.05490112304688          0        -4.1170349121          0
    13 631154857.0147135258         4.1719360352          0    -0.05490112304688          0        -4.1170349121          0
    14 631154889.8147155046         4.1719360352          0    -0.05490112304688          0        -4.1170349121          0
    15 631154922.6147174835         4.1719360352          0    -0.05490112304688          0        -4.1170349121          0
    16 631154955.4147193432         4.1719360352          0    -0.05490112304688          0        -4.1170349121          0
    17 631154988.2147213221         4.1719360352          0    -0.05490112304688          0        -4.1170349121          0
    18 631155021.0147231817         4.1719360352          0    -0.05490112304688          0        -4.1170349121          0
    19 631155053.8147251606         4.1719360352          0    -0.05490112304688          0        -4.1170349121          0
    20 631155086.6147270203         4.2156372070          0    -0.05490112304688          0        -4.1607360840          0
    21 631155119.4147289991         4.2156372070          0    -0.05490112304688          0        -4.1607360840          0
    22 631155152.2147309780         4.2156372070          0    -0.05490112304688          0        -4.1607360840          0
    23 631155185.0147328377         4.2156372070          0    -0.05490112304688          0        -4.1607360840          0
    24 631155217.8147348166         4.2156372070          0    -0.05490112304688          0        -4.1607360840          0
    25 631155250.6147366762         4.2156372070          0    -0.05490112304688          0        -4.1607360840          0
    26 631155283.4147386551         4.2156372070          0    -0.05490112304688          0        -4.1607360840          0
    27 631155316.2147406340         4.2156372070          0    -0.05490112304688          0        -4.1607360840          0
    28 631155349.0147424936         4.2156372070          0    -0.05490112304688          0        -4.1607360840          0
    29 631155381.8147444725         4.2156372070          0    -0.05490112304688          0        -4.1607360840          0
    30 631155414.6147463322         4.2156372070          0    -0.05490112304688          0        -4.1607360840          0
    31 631155447.4147483110         4.2156372070          0    -0.05490112304688          0        -4.1607360840          0
    32 631155480.2147501707         4.2156372070          0    -0.05490112304688          0        -4.1607360840          0
    33 631155513.0147521496         4.2156372070          0    -0.05490112304688          0        -4.1607360840          0
    34 631155545.8147541285         4.1720886230          0    -0.01135253906250          0        -4.1607360840          0
    35 631155578.6147559881         4.2156372070          0    -0.05490112304688          0        -4.1607360840          0
    36 631155611.4147579670         4.1720886230          0    -0.01135253906250          0        -4.1607360840          0
    37 631155644.2147598267         4.1720886230          0    -0.01135253906250          0        -4.1607360840          0
    38 631155677.0147618055         4.1720886230          0    -0.01135253906250          0        -4.1607360840          0
    39 631155709.8147637844         4.1720886230          0    -0.01135253906250          0        -4.1607360840          0
    40 631155742.6147656441         4.1720886230          0    -0.01135253906250          0        -4.1607360840          0
    41 631155775.4147676229         4.1720886230          0    -0.01135253906250          0        -4.1607360840          0
    42 631155808.2147694826         4.1720886230          0    -0.01135253906250          0        -4.1607360840          0
    43 631155841.0147714615         4.1720886230          0    -0.01135253906250          0        -4.1607360840          0
    44 631155873.8147733212         4.1720886230          0    -0.01135253906250          0        -4.1607360840          0
    45   631155906.61477530         4.1720886230          0    -0.01135253906250          0        -4.1607360840          0
    46 631155939.4147772789         4.1720886230          0    -0.01135253906250          0        -4.1607360840          0
    47 631155972.2147791386         4.1720886230          0    -0.01135253906250          0        -4.1607360840          0
    48 631156005.0147811174         4.1720886230          0    -0.01135253906250          0        -4.1607360840          0
    49 631156037.8147829771         4.1720886230          0    -0.01135253906250          0        -4.1607360840          0
    50 631156070.6147849560         4.1720886230          0    -0.01135253906250          0        -4.1607360840          0
    51 631156103.4147869349         4.1720886230          0    -0.01135253906250          0        -4.1607360840          0
    52 631156136.2147887945         4.1720886230          0    -0.01135253906250          0        -4.1607360840          0
    53 631156169.0147907734         4.1720886230          0    -0.01135253906250          0        -4.1607360840          0
    54 631156201.8147926331         4.1720886230          0    -0.01135253906250          0        -4.1607360840          0
    55 631156234.6147946119         4.1720886230          0    -0.01135253906250          0        -4.1607360840          0
    56 631156267.4147965908         4.1720886230          0    -0.01135253906250          0        -4.1607360840          0
    57 631156300.2147984505         4.1720886230          0    -0.01135253906250          0        -4.1607360840          0
    58 631156333.0148004293         4.1720886230          0    -0.01135253906250          0        -4.1607360840          0
    59 631156365.8148022890         4.1720886230          0    -0.01135253906250          0        -4.1607360840          0
    60 631156398.6148042679         4.1720886230          0    -0.01135253906250          0        -4.1607360840          0
    61 631156431.4148061275         4.1720886230          0    -0.01135253906250          0        -4.1607360840          0
    62 631156464.2148081064         4.1720886230          0    -0.01135253906250          0        -4.1607360840          0
    63 631156497.0148100853         4.1720886230          0    -0.01135253906250          0        -4.1607360840          0
    64 631156529.8148119450         4.1720886230          0    -0.01135253906250          0        -4.1607360840          0
    65 631156562.6148139238         4.1720886230          0    -0.01135253906250          0        -4.1607360840          0
    66 631156595.4148157835         4.1720886230          0    -0.01135253906250          0        -4.1607360840          0
    67 631156628.2148177624         4.1720886230          0    -0.01135253906250          0        -4.1607360840          0
    68 631156661.0148197412         4.1720886230          0    -0.01135253906250          0        -4.1607360840          0
    69 631156693.8148216009         4.1720886230          0    -0.01135253906250          0        -4.1607360840          0
    70 631156726.6148235798         4.1720886230          0    -0.01135253906250          0        -4.1607360840          0
    71 631156759.4148254395         4.1720886230          0    -0.01135253906250          0        -4.1607360840          0
    72 631156792.2148274183         4.1720886230          0    -0.01135253906250          0        -4.1607360840          0
    73 631156825.0148292780         4.1720886230          0    -0.01135253906250          0        -4.1607360840          0
    74 631156857.8148312569         4.1720886230          0    -0.01135253906250          0        -4.1607360840          0
    75 631156890.6148332357         4.1720886230          0    -0.01135253906250          0        -4.1607360840          0
    76 631156923.4148350954         4.1720886230          0    -0.01135253906250          0        -4.1607360840          0
    77 631156956.2148370743         4.1720886230          0    -0.01135253906250          0        -4.1607360840          0
    78 631156989.0148389339         4.1720886230          0    -0.01135253906250          0        -4.1607360840          0
    79 631157021.8148409128         4.1720886230          0    -0.01135253906250          0        -4.1607360840          0
    80 631157054.6148428917         4.1720886230          0    -0.01135253906250          0        -4.1607360840          0
    81 631157087.4148447514         4.1720886230          0    -0.01135253906250          0        -4.1607360840          0
    82 631157120.2148467302         4.1720886230          0    -0.01135253906250          0        -4.1607360840          0
    83 631157153.0148485899         4.1720886230          0    -0.05490112304688          0          -4.11718750          0
    84 631157185.8148505688         4.1720886230          0    -0.05490112304688          0          -4.11718750          0
    85 631157218.6148524284         4.1720886230          0    -0.05490112304688          0          -4.11718750          0
    86 631157251.4148544073         4.1720886230          0    -0.05490112304688          0          -4.11718750          0
    87 631157284.2148563862         4.1720886230          0    -0.05490112304688          0          -4.11718750          0
    88 631157317.0148582458         4.1720886230          0    -0.05490112304688          0          -4.11718750          0
    89 631157349.8148602247         4.1720886230          0    -0.05490112304688          0          -4.11718750          0
    90 631157382.6148620844         4.1720886230          0    -0.05490112304688          0          -4.11718750          0
    91 631157415.4148640633         4.1720886230          0    -0.05490112304688          0          -4.11718750          0
    92 631157448.2148660421         4.1720886230          0    -0.05490112304688          0          -4.11718750          0
    93 631157481.0148679018         4.1720886230          0    -0.05490112304688          0          -4.11718750          0
    94 631157513.8148698807         4.1720886230          0    -0.05490112304688          0          -4.11718750          0
    95 631157546.6148717403         4.1720886230          0    -0.05490112304688          0          -4.11718750          0
    96 631157579.4148737192         4.1720886230          0    -0.05490112304688          0          -4.11718750          0
    97 631157612.2148755789         4.1720886230          0    -0.05490112304688          0          -4.11718750          0
    98 631157645.0148775578         4.1720886230          0    -0.05490112304688          0          -4.11718750          0
    99 631157677.8148795366         4.1720886230          0    -0.05490112304688          0          -4.11718750          0
   100 631157710.6148813963         4.1720886230          0    -0.05490112304688          0          -4.11718750          0
   101 631157743.4148833752         4.1720886230          0    -0.05490112304688          0          -4.11718750          0
   102 631157776.2148852348         4.1720886230          0    -0.05490112304688          0          -4.11718750          0
   103 631157809.0148872137         4.1720886230          0    -0.05490112304688          0          -4.11718750          0
   104 631157841.8148891926         4.2157897949          0    -0.05490112304688          0        -4.1608886719          0
   105 631157874.6148910522         4.1720886230          0    -0.05490112304688          0          -4.11718750          0
   106 631157907.4148930311         4.2157897949          0    -0.05490112304688          0        -4.1608886719          0
   107 631157940.2148948908         4.2157897949          0    -0.05490112304688          0        -4.1608886719          0
   108 631157973.0148968697         4.2157897949          0    -0.05490112304688          0        -4.1608886719          0
   109 631158005.8148987293         4.2157897949          0    -0.05490112304688          0        -4.1608886719          0
   110 631158038.6149007082         4.2157897949          0    -0.05490112304688          0        -4.1608886719          0
   111 631158071.4149026871         4.2157897949          0    -0.05490112304688          0        -4.1608886719          0
   112 631158104.2149045467         4.2157897949          0    -0.05490112304688          0        -4.1608886719          0
   113 631158137.0149065256         4.2157897949          0    -0.05490112304688          0        -4.1608886719          0
   114 631158169.8149083853         4.2157897949          0    -0.05490112304688          0        -4.1608886719          0
   115 631158202.6149103642         4.2157897949          0    -0.05490112304688          0        -4.1608886719          0
   116 631158235.4149123430         4.2157897949          0    -0.05490112304688          0        -4.1608886719          0
   117 631158268.2149142027         4.2157897949          0    -0.05490112304688          0        -4.1608886719          0
   118 631158301.0149161816         4.2157897949          0    -0.05490112304688          0        -4.1608886719          0
   119 631158333.8149180412         4.2157897949          0    -0.05490112304688          0        -4.1608886719          0
   120 631158366.6149200201         4.2157897949          0    -0.05490112304688          0        -4.1608886719          0
   121 631158399.4149218798         4.2157897949          0    -0.05490112304688          0        -4.1608886719          0
   122 631158432.2149238586         4.2157897949          0    -0.05490112304688          0        -4.1608886719          0
   123 631158465.0149258375         4.2157897949          0    -0.05490112304688          0        -4.1608886719          0
   124 631158497.8149276972         4.2157897949          0    -0.05490112304688          0        -4.1608886719          0
   125 631158530.6149296761         4.2157897949          0    -0.05490112304688          0        -4.1608886719          0
   126 631158563.4149315357         4.2157897949          0    -0.05490112304688          0        -4.1608886719          0
   127 631158596.2149335146         4.2157897949          0    -0.05490112304688          0        -4.1608886719          0
   128 631158629.0149354935         4.2157897949          0    -0.05490112304688          0        -4.1608886719          0
   129 631158661.8149373531         4.2157897949          0    -0.05490112304688          0        -4.1608886719          0
   130 631158694.6149393320         4.2157897949          0    -0.05490112304688          0        -4.1608886719          0
   131 631158727.4149411917         4.2157897949          0    -0.05490112304688          0        -4.1608886719          0
   132 631158760.2149431705         4.1722412109          0    -0.01135253906250          0        -4.1608886719          0
   133 631158793.0149450302         4.1722412109          0    -0.01135253906250          0        -4.1608886719          0
   134 631158825.8149470091         4.1722412109          0    -0.01135253906250          0        -4.1608886719          0
   135 631158858.6149489880         4.1722412109          0    -0.01135253906250          0        -4.1608886719          0
   136 631158891.4149508476         4.1722412109          0    -0.01135253906250          0        -4.1608886719          0
   137 631158924.2149528265         4.1722412109          0    -0.01135253906250          0        -4.1608886719          0
   138 631158957.0149546862         4.1722412109          0    -0.01135253906250          0        -4.1608886719          0
   139 631158989.8149566650         4.1722412109          0    -0.01135253906250          0        -4.1608886719          0
   140 631159022.6149586439         4.1722412109          0    -0.01135253906250          0        -4.1608886719          0
   141 631159055.4149605036         4.1722412109          0    -0.01135253906250          0        -4.1608886719          0
   142 631159088.2149624825         4.1722412109          0    -0.01135253906250          0        -4.1608886719          0
   143 631159121.0149643421         4.1722412109          0    -0.01135253906250          0        -4.1608886719          0
   144 631159153.8149663210         4.1722412109          0    -0.01135253906250          0        -4.1608886719          0
   145 631159186.6149682999         4.1722412109          0    -0.01135253906250          0        -4.1608886719          0
   146 631159219.4149701595         4.1722412109          0    -0.01135253906250          0        -4.1608886719          0
   147 631159252.2149721384         4.1722412109          0    -0.01135253906250          0        -4.1608886719          0
   148 631159285.0149739981         4.1722412109          0    -0.01135253906250          0        -4.1608886719          0
   149 631159317.8149759769         4.1722412109          0    -0.01135253906250          0        -4.1608886719          0
   150 631159350.6149778366         4.1722412109          0    -0.01135253906250          0        -4.1608886719          0
   151 631159383.4149798155         4.1722412109          0    -0.01135253906250          0        -4.1608886719          0
   152 631159416.2149817944         4.1722412109          0    -0.01135253906250          0        -4.1608886719          0
   153 631159449.0149836540         4.1722412109          0    -0.01135253906250          0        -4.1608886719          0
   154 631159481.8149856329         4.1722412109          0    -0.01135253906250          0        -4.1608886719          0
   155 631159514.6149874926         4.1722412109          0    -0.01135253906250          0        -4.1608886719          0
   156 631159547.4149894714         4.1722412109          0    -0.01135253906250          0        -4.1608886719          0
   157 631159580.2149914503         4.1722412109          0    -0.01135253906250          0        -4.1608886719          0
   158  631159613.014993310         4.1722412109          0    -0.01135253906250          0        -4.1608886719          0
   159 631159645.8149952888         4.1722412109          0    -0.01135253906250          0        -4.1608886719          0
   160 631159678.6149971485         4.1722412109          0    -0.01135253906250          0        -4.1608886719          0
   161 631159711.4149991274         4.1722412109          0    -0.01135253906250          0        -4.1608886719          0
   162 631159744.2150009871         4.1722412109          0    -0.01135253906250          0        -4.1608886719          0
   163 631159777.0150029659         4.1722412109          0    -0.01135253906250          0        -4.1608886719          0
   164 631159809.8150049448         4.1722412109          0    -0.01135253906250          0        -4.1608886719          0
   165 631159842.6150068045         4.1722412109          0    -0.01135253906250          0        -4.1608886719          0
   166 631159875.4150087833         4.1722412109          0    -0.01135253906250          0        -4.1608886719          0
   167 631159908.2150106430         4.1722412109          0    -0.01135253906250          0        -4.1608886719          0
   168 631159941.0150126219         4.1722412109          0    -0.01135253906250          0        -4.1608886719          0
   169 631159973.8150146008         4.1722412109          0    -0.01135253906250          0        -4.1608886719          0
   170 631160006.6150164604         4.1722412109          0    -0.01135253906250          0        -4.1608886719          0
   171 631160039.4150184393         4.1722412109          0    -0.01135253906250          0        -4.1608886719          0
   172 631160072.2150202990         4.1722412109          0    -0.01135253906250          0        -4.1608886719          0
   173 631160105.0150222778         4.1722412109          0    -0.01135253906250          0        -4.1608886719          0
   174 631160137.8150241375         4.1722412109          0    -0.01135253906250          0        -4.1608886719          0
   175 631160170.6150261164         4.1722412109          0    -0.01135253906250          0        -4.1608886719          0
   176 631160203.4150280952         4.1722412109          0    -0.01135253906250          0        -4.1608886719          0
   177 631160236.2150299549         4.1722412109          0    -0.01135253906250          0        -4.1608886719          0
   178 631160269.0150319338         4.1722412109          0    -0.01135253906250          0        -4.1608886719          0
   179 631160301.8150337934         4.1722412109          0    -0.01135253906250          0        -4.1608886719          0
   180 631160334.6150357723         4.1722412109          0    -0.01135253906250          0        -4.1608886719          0
   181 631160367.4150377512         4.1722412109          0    -0.01135253906250          0        -4.1608886719          0
   182 631160400.2150396109         4.1722412109          0    -0.01135253906250          0        -4.1608886719          0
   183 631160433.0150415897         4.1722412109          0    -0.01135253906250          0        -4.1608886719          0
   184 631160465.8150434494         4.1722412109          0    -0.01135253906250          0        -4.1608886719          0
   185 631160498.6150454283         4.1722412109          0    -0.01135253906250          0        -4.1608886719          0
   186 631160531.4150472879         4.1722412109          0    -0.01135253906250          0        -4.1608886719          0
   187 631160564.2150492668         4.1722412109          0    -0.01135253906250          0        -4.1608886719          0
   188 631160597.0150512457         4.1722412109          0    -0.01135253906250          0        -4.1608886719          0
   189 631160629.8150531054         4.1722412109          0    -0.01135253906250          0        -4.1608886719          0
   190 631160662.6150550842         4.1722412109          0    -0.01135253906250          0        -4.1608886719          0
   191 631160695.4150569439         4.1722412109          0    -0.01135253906250          0        -4.1608886719          0
   192 631160728.2150589228         4.1722412109          0    -0.01135253906250          0        -4.1608886719          0
   193 631160761.0150609016         4.1722412109          0    -0.01135253906250          0        -4.1608886719          0
   194 631160793.8150627613         4.1722412109          0    -0.01135253906250          0        -4.1608886719          0
   195 631160826.6150647402         4.1722412109          0    -0.01135253906250          0        -4.1608886719          0
   196 631160859.4150665998         4.1722412109          0    -0.01135253906250          0        -4.1608886719          0
   197 631160892.2150685787         4.1722412109          0    -0.01135253906250          0        -4.1608886719          0
   198 631160925.0150704384         4.1722412109          0    -0.01135253906250          0        -4.1608886719          0
   199 631160957.8150724173         4.1722412109          0    -0.01135253906250          0        -4.1608886719          0
   200 631160990.6150743961         4.1722412109          0    -0.01135253906250          0        -4.1608886719          0
