76813164	76813189
76914249	76914283
77246262	77246286
77330825	77330950
77415535	77416189
77848495	77848604
78365009	78365174
78453328	78453352
80182786	80182807
80715778	80715799
81997463	81997983
82444955	82445052
83212238	83212258
83739030	83739053
85036695	85036716
85805631	85805655
86231687	86231822
86578468	86578885
86590315	86590422
86846260	86846327
88579407	88579520
88838650	88838722
90379804	90379827
90726307	90726327
90906775	90906903
90980185	90980259
90981387	90981407
91069444	91069465
91768216	91768239
91942753	91942776
92290943	92290964
92367866	92367890
92368091	92368533
92548615	92548683
94109534	94109554
94957206	94957229
94958897	94958917
94966664	94966684
95482009	95482491
95658688	95658750
96007874	96007984
96777072	96777127
97469991	97470012
97640684	97640705
97723074	97723094
97810304	97810324
97899904	97899928
98342307	98342330
98505082	98505540
98845160	98845223
98846190	98846213
98854983	98855004
99375987	99376010
99880207	99880227
100569930	100569954
100918977	100918997
101007069	101007089
101193834	101193858
101278980	101279077
101625816	101625877
101788128	101788152
101952254	101952279
102043873	102043896
102573495	102573519
102913987	102914049
102999673	103000093
103173776	103173800
103606787	103606810
103953361	103953382
104121957	104121980
105077426	105077452
105077953	105077978
105078109	105078129
105078255	105078276
105583671	105583695
106026887	106026910
106363812	106363837
106366525	106366550
106805265	106805288
107068119	107068144
107150189	107150212
107233805	107233826
108783227	108783250
108789981	108790001
108790162	108790563
108872030	108872091
108961902	108961955
109039733	109039792
109733445	109733469
110420204	110420228
110946495	110946555
110953241	110953304
111034446	111034498
111044271	111044330
112073788	112073812
112076658	112076682
112337438	112337464
112422401	112422422
112581234	112581259
112586470	112586494
113019292	113019315
113021943	113021967
113110812	113110833
113195312	113195336
113357831	113357854
113365535	113365555
113371862	113371887
113374556	113374576
113460008	113460033
113544627	113544651
113707126	113707146
113981872	113981897
114065353	114065380
114497410	114497431
115176437	115176457
115191221	115191244
116573752	116573776
116899601	116899625
117261452	117261476
117431512	117431537
117684146	117684170
118199537	118199558
118464192	118464218
118559044	118559068
118645822	118645845
118719159	118719183
118893513	118893539
119503679	119503703
120628442	120628465
120789170	120789191
121824889	121824910
121912337	121912361
123137784	123138155
123226532	123226552
123297478	123297504
123388714	123388739
123397622	123397648
123482373	123482397
123482406	123482427
123555793	123555814
123555824	123555849
123825371	123825395
125037470	125037493
125472786	125472805
125643963	125643988
125895197	125895221
125895231	125895254
125972985	125973008
126147840	126147866
126157385	126157411
126159145	126159171
126489851	126489872
127275033	127275056
127284800	127284821
127531809	127531829
127712645	127712666
127713024	127713049
128140258	128140282
128140291	128140311
128220221	128220244
128236957	128236983
128402591	128402612
128567869	128567893
128570284	128570305
128736893	128736916
128738843	128738863
128910865	128910886
129183037	129183061
130481566	130481587
130559095	130559118
131600345	131600369
131673947	131673967
131673980	131674006
131761895	131761920
132799732	132799755
132806521	132806542
132979564	132979587
133231619	133231643
133242763	133242782
133321498	133321519
133500174	133500195
133840029	133840050
134008370	134008396
134010764	134010785
134452581	134452607
134611563	134611584
134698025	134698049
134798018	134798042
134963334	134963357
135062661	135062684
135927479	135927499
136004904	136004927
136177270	136177637
136265918	136265941
136440729	136440749
136513809	136513832
136952865	136952885
137030909	137031276
137136943	137136967
137474612	137474636
137808173	137808199
137813194	137813219
138072682	138072706
138166668	138166692
139122588	139122612
139200147	139200168
139282392	139282416
139293728	139294098
139538750	139538776
139625945	139625970
139631122	139631145
139898893	139898917
140152128	140152153
140315521	140315546
140330199	140330219
140333034	140333058
141280730	141280754
141443941	141443965
141527766	141527790
141629717	141629740
141698731	141698751
141701323	141701342
141702975	141703000
141705602	141705627
141710040	141710066
141797230	141797254
141882083	141882106
141888794	141888815
141969043	141969068
142133661	142133685
142229530	142229551
142234532	142234552
142475531	142475554
142481687	142481707
142656210	142656234
142823653	142823677
142911210	142911234
142918182	142918206
143350836	143350857
143529739	143529763
143703430	143703456
143868451	143868471
143952383	143952406
144036692	144036716
144212351	144212374
144290622	144290645
144292346	144292367
144651149	144651169
144911307	144911328
144991314	144991334
145152483	145152504
145159016	145159036
145603901	145603924
145775299	145775319
145777097	145777123
145940923	145940947
146809329	146809353
146896584	146896607
147493633	147493656
147668041	147668065
147935134	147935154
148276312	148276336
149565675	149565695
149656206	149656227
150163213	150163238
150170269	150170293
150170302	150170322
150257669	150257690
150257700	150257725
150346429	150346450
150432081	150432105
150439767	150439788
151120608	151120629
151288146	151288166
151977691	151977716
152066843	152066864
152601635	152601658
152680041	152680061
154926893	154926917
155006969	155006993
155007002	155007028
155089101	155089126
155367266	155367292
155438157	155438181
155883334	155883359
156049964	156049988
156049997	156050021
156218137	156218157
156742183	156742207
156907137	156907161
157002956	157002982
157088204	157088224
157178468	157178494
157255977	157256002
157256011	157256030
157337406	157337427
158119867	158119890
158127977	158127996
159756436	159756462
159757334	159757359
163134876	163134901
163476717	163476741
164263207	164263231
164347646	164347670
164427305	164427331
164433960	164433985
165285422	165285794
165456261	165456286
167111860	167111883
167189625	167189646
168153049	168153419
168401707	168401731
168483710	168483734
168653068	168653089
168655670	168655690
168840291	168840314
168916816	168917188
168929768	168929792
169102342	169102367
169191196	169191220
169277567	169277593
169355287	169355311
169363174	169363200
169440882	169440902
169534980	169535005
169612940	169612964
169690698	169690723
169696876	169696901
169781323	169781349
169789168	169789189
170470764	170470788
170481916	170481939
170917406	170917431
170918676	170918700
171160449	171160469
171250064	171250087
171347222	171347246
171431607	171431627
171599397	171599423
171850622	171850647
172113444	172113467
172203490	172203859
172288989	172289015
172382855	172382879
172455775	172456140
172474535	172474558
172542720	172542744
172550364	172550385
172560104	172560128
172633301	172633322
172727452	172727475
172806084	172806105
172806117	172806143
172895906	172895930
173233274	173233297
173319621	173319645
173417138	173417164
173507100	173507124
173933752	173933775
173940575	173940595
173940605	173940631
174013509	174013533
174615379	174615403
174628738	174629107
174634294	174634317
174874856	174874879
174892118	174892144
174961740	174961765
175047731	175047751
175141020	175141043
175305981	175306006
175400798	175400823
175923873	175924242
176002152	176002175
176272619	176272643
176273593	176273616
177051191	177051212
177139935	177139959
177304352	177304373
177393128	177393149
178088769	178088789
178162262	178162282
178250572	178250596
178342906	178342926
178507208	178507231
178684083	178684104
179377841	179377865
179467886	179467906
179810879	179810902
179891336	179891359
180576036	180576062
180670479	180670500
180840618	180840638
180850123	180850147
180855531	180855557
180941051	180941075
180941084	180941104
181098007	181098030
181098040	181098065
181105047	181105072
181790397	181790421
181880783	181880806
181959441	181959464
181967544	181967913
182132949	182132973
182146151	182146174
182318113	182318138
182393443	182393468
182393476	182393497
182822711	182822731
183007705	183007728
183098432	183098452
186286646	186286669
186457517	186457538
186644053	186644075
186895344	186895368
187401672	187401695
187409628	187409649
187584891	187584914
187673795	187673815
187927122	187927148
187939294	187939315
188276048	188276074
188276964	188276988
188278657	188278682
188283909	188283934
188354768	188354793
188444949	188445315
190178508	190178533
190344621	190344646
193625282	193625305
193628544	193628565
193800835	193800860
194230979	194231002
194231011	194231037
194240264	194240285
194314662	194314685
194317540	194317561
195179405	195179428
195266949	195266974
195362628	195362654
195610672	195610693
195801409	195801429
195957225	195957248
195963927	195963948
196048686	196048706
196131778	196131802
196140115	196140135
196302661	196302684
196487691	196487712
196925114	196925483
197009378	197009401
197009411	197009437
197176959	197176984
197516754	197516778
197688596	197688619
197701623	197701647
197867390	197867414
198556885	198556905
198638104	198638129
198807759	198808130
198812846	198812867
200024073	200024098
200034534	200034555
200201797	200201822
200209116	200209141
200374839	200374864
200450843	200450864
201315655	201315675
201672723	201672747
201753990	201754013
202015377	202015400
202093240	202093265
202281003	202281023
202443962	202443988
202528608	202528632
202532248	202532272
202611759	202611780
202699698	202699723
202783716	202783739
204165434	204165805
204176662	204177032
204339019	204339049
204351769	204351793
204524399	204524425
204601542	204601564
204951386	204951409
204959128	204959151
204959156	204959181
205032716	205032740
205036888	205036912
205044843	205044864
205218527	205218550
205388580	205388604
205980704	205981075
206243214	206243238
206596267	206596293
206687032	206687057
207965909	207965932
207968672	207968693
207976121	207976146
208054163	208054183
208225850	208225871
208237413	208237436
209531251	209531276
209609099	209609122
209870112	209870138
210048347	210048372
210051423	210051449
210302248	210302269
210403478	210403503
210482048	210482069
210660897	210660921
210729670	210729691
210729699	210729725
210740966	210740990
210917116	210917139
210999248	210999271
211180159	211180179
212977179	212977203
212985039	212985059
212986878	212987244
212990057	212990078
212993664	212993688
213162248	213162271
213239548	213239572
213252637	213252657
213498254	213498280
213601139	213601161
214543705	214543728
214547186	214547209
215236588	215236609
215398077	215398098
215401379	215401399
215569093	215569117
215828369	215828393
215921829	215921852
217488295	217488321
217561508	217561528
217561536	217561560
217647851	217647875
217819208	217819231
217824804	217824824
218002847	218002867
218083364	218083384
218086123	218086147
218092731	218092755
218253712	218253736
218259568	218259588
219371618	219371641
219376522	219376542
219380048	219380073
219557521	219557545
221098534	221098554
221105005	221105025
222830823	222830849
222913072	222913092
222918964	222918985
222921704	222921725
223529994	223530020
223536814	223536838
223695857	223695883
223701031	223701052
224385529	224385553
224388597	224388621
225262495	225262521
225263316	225263337
225595853	225595873
225607692	225607717
225860479	225860844
225862674	225862698
226120286	226120310
226203435	226203455
226990326	226990349
227079522	227079542
228366452	228366476
228374277	228374297
228620933	228620959
228628624	228628649
228711420	228711441
228792669	228792689
228963595	228963620
228971442	228971466
229914818	229914844
230091039	230091064
230169809	230169835
230176779	230176800
230358401	230358427
230430653	230430678
230966453	230966480
231038396	231038417
231470154	231470179
231476849	231476870
232172476	232172499
232263457	232263480
232346310	232346336
232417887	232417912
232417919	232417939
232680403	232680423
232689991	232690012
232849359	232849729
232849737	232849763
232855984	232856004
232861944	232861967
233036404	233036425
233382142	233382168
233455557	233455578
233811750	233811776
233888399	233888423
233981694	233981720
234064694	234064715
234064722	234064746
234077745	234077768
234672037	234672061
234749225	234749250
234922917	234922940
234927064	234927088
235198315	235198340
235269407	235269431
236049485	236049509
236060363	236060387
236233249	236233273
236237985	236304018
237004989	237005009
237175785	237175806
237436161	237436182
237445362	237445382
237687532	237687552
237701297	237701322
237702956	237702980
237865438	237865458
238130584	238130604
238217272	238217296
238992968	238992994
238997589	238997955
239504475	239504500
239514937	239514962
239682706	239682727
239688453	239688473
239690189	239690210
239780229	239780253
239852891	239852917
239934659	239934684
239939006	239939029
239950479	239950499
240198429	240198448
240210588	240210611
240372766	240372786
240382359	240382383
240459888	240459911
240624228	240624252
240643159	240643182
240723638	240723658
240900610	240900630
240903272	240903293
241248119	241248129
241334503	241335265
241505515	241505541
241580744	241580769
241752522	241752542
241837438	241837462
242277994	242278018
242442193	242442213
242961988	242962011
242964597	242964621
243478762	243478787
243486606	243486627
244095884	244095908
244098611	244098631
244602249	244602275
244609978	244609999
244776620	244776644
244782874	244782895
244962179	244962200
245034852	245034876
245135439	245135810
245208490	245208514
245208518	245208542
245212344	245212713
245212722	245212748
245215560	245215584
246075885	246075909
246153930	246153955
246328588	246328611
246338834	246338854
246591768	246591789
246594707	246594728
246678079	246678102
246765601	246765625
247018883	247018906
247030884	247030908
247036928	247036953
247111829	247111853
247115667	247115693
247204442	247204466
247289259	247289285
247364410	247364431
247367927	247367952
247456515	247456540
247714161	247714185
247717597	247717617
247801278	247801301
247806588	247806608
247893941	247893965
247968501	247968867
247973634	247973654
247983604	247983624
248147072	248147093
248154737	248154757
248847080	248847104
248926550	248926574
249360899	249360923
249438910	249438934
249628800	249628824
249712547	249712567
249783535	249783558
249789496	249789520
249792828	249792849
249869829	249869849
249875963	249875984
249881781	249881804
249969131	249969155
249975085	249975109
250402134	250402157
250475502	250475523
250491236	250491261
250562152	250562172
250822246	250822269
250905974	250905998
250906006	250906032
250910960	250910984
251006173	251006199
251096089	251096114
251181579	251181605
251251356	251251377
251426665	251426691
251436470	251436494
252046257	252046280
252126649	252126669
252297919	252297940
252378357	252378723
252471222	252471245
252549370	252549391
252989785	252989805
252995885	252995905
253504660	253504680
253599676	253599700
253850470	253850496
253858090	253858114
253947874	253947895
254114617	254114638
254198507	254198531
254204682	254204702
254545702	254545728
254546534	254546559
254546566	254546586
254629512	254629535
254633381	254633401
254727293	254727316
255054755	255054779
255065034	255065054
255237998	255238025
255331267	255331287
255761403	255761427
255830894	255830914
255835872	255835898
255919894	255920265
256177317	256177340
256189980	256190001
256190008	256190034
256358454	256358478
257130116	257130135
257142326	257142350
257312232	257312256
257314980	257315005
257924151	257924175
257994160	257994184
258509858	258509885
258525549	258525573
258614642	258614667
258685404	258685429
258773679	258774048
258866115	258866136
259376701	259376725
259382661	259382685
259463107	259463127
259556076	259556100
259556108	259556134
259558795	259558820
260153072	260153095
260250028	260250049
260340959	260340985
260414059	260414084
260496933	260496959
260508496	260508520
260589463	260589489
260600823	260600847
260683783	260683808
260761499	260761520
260761527	260761551
260773853	260774220
261120976	261120996
261197752	261197775
261282284	261282304
261373379	261373403
261540837	261540861
261624820	261624844
261708385	261708408
261716323	261716343
261893187	261893213
261896017	261896039
262157653	262157675
262230981	262231002
262231009	262231033
262314741	262314765
262838736	262838762
262846340	262846365
263088372	263088397
263095148	263095172
263535690	263535710
263794313	263794338
263962825	263962846
263967148	263967171
264134357	264134377
264317939	264317960
264400928	264401297
264473270	264473290
264655525	264655549
264733933	264733957
264913229	264913254
264989841	264989866
265776327	265776353
265781599	265781969
266213971	266213990
266217797	266217817
266548478	266548501
266640263	266640286
267077511	267077532
267156761	267156785
267243436	267243459
267408270	267408294
267423008	267423028
267427954	267427978
267860056	267860081
267929908	267929928
268205084	268205105
268277542	268277566
268369193	268369213
268373100	268373125
268540030	268540051
268543696	268543719
268543724	268543753
268624937	268624961
268624965	268624989
268709635	268709655
268709663	268709689
268809800	268809824
269147441	269147466
269151971	269151995
269492317	269492340
269753105	269753125
269932107	269932128
270089227	270089246
270104779	270104805
270105594	270105618
270441141	270441507
270527257	270527277
270536685	270536711
270610265	270610289
271305879	271305905
271311193	271311564
271402704	271402725
271739709	271739733
271741876	271741896
271745703	271745723
271746489	271746510
271818808	271818828
272177498	272177521
272249356	272249377
272352017	272352041
272427073	272427096
272598362	272598388
272782211	272782232
273724113	273724138
273734245	273734269
273976347	273976372
273986136	273986506
274075887	274075913
274161431	274161452
276062949	276062973
276068187	276068211
276750825	276750849
276756783	276756803
276829316	276829336
276932365	276932385
277003985	277004009
277014039	277014059
277172973	277172997
277183602	277183626
277693076	277693100
277699971	277699995
277878836	277878862
278048583	278048604
279084149	279084170
279177452	279177472
281060426	281060447
281068138	281068162
281159662	281159685
281162915	281162935
281246251	281246275
281319775	281320141
281497647	281497667
281505257	281505278
281507246	281507266
281579770	281579790
281760812	281760832
282097731	282097754
282374504	282374527
282625736	282625757
282885705	282885725
282892688	282892712
282968929	282968954
283149298	283149322
283219539	283219563
283226548	283226571
283319504	283319529
283325069	283325093
284015143	284015163
284016322	284016691
284535073	284535098
284694942	284694966
285213541	285213565
285214660	285214680
285731254	285731280
285738729	285738753
286856118	286856141
286868005	286868030
287038326	287038349
287285504	287285525
287641242	287641268
287716764	287716788
287894339	287894359
288144228	288144251
288144260	288144285
288154810	288154834
288768311	288768681
289271659	289271680
289280316	289280337
289285698	289285718
289531692	289531717
289615716	289615740
289787616	289787642
289872510	289872876
289961338	289961358
289969047	289969071
290060493	290060517
290064010	290064033
290148127	290148492
290221144	290221169
290231511	290231537
290236610	290236634
290312688	290312711
290400137	290400158
290565960	290565983
290658296	290658320
290660015	290660040
290660443	290660463
290660472	290660841
290738791	290738811
290746490	290746511
290753289	290753309
290838197	290838220
290908810	290908831
291089748	291089768
291098098	291098122
291341072	291341095
291348957	291348976
291442218	291442238
291601931	291601955
291692743	291692764
291787509	291787532
292985962	292985989
293000755	293000779
293158821	293158840
293167740	293167763
293597656	293597681
293605398	293605422
295245505	295245528
295323297	295323318
295420646	295420669
295583491	295583511
295749406	295749429
295762037	295762061
295852111	295852134
296273430	296273454
297308476	297308501
297484337	297484707
298181488	298181511
298184613	298184633
299121259	299121279
299128957	299128977
299211080	299211101
299301829	299301853
299382422	299382447
299471310	299471334
300430540	300430564
300431808	300431828
300513492	300513513
300514911	300514936
300516577	300516601
300517477	300517501
300758616	300758637
300762842	300762863
300762871	300762897
300770669	300770690
300770698	300770722
300774929	300774949
301371350	301371375
301449914	301449938
301899151	301899174
302061400	302061424
302751105	302751125
303024182	303024207
303440767	303441133
303453652	303453676
303454462	303454488
303610059	303610080
303698999	303699024
303708605	303708972
304218326	304218349
304315862	304315885
304317279	304317304
304391660	304391685
304402113	304402133
304568244	304568265
304820406	304820429
304833219	304833242
304914564	304914588
305083087	305083111
305258322	305258347
305269665	305269686
305351830	305351856
305444361	305444385
305515679	305515706
305524682	305524703
305695559	305695585
305770023	305770044
305857255	305857281
305951532	305951553
305951906	305951930
305961755	305961775
305961783	305961808
306031003	306031023
306134289	306134314
306209811	306209835
306293610	306293635
306300272	306300296
306902762	306902784
306993443	306993467
307161721	307161747
307164538	307164562
308206300	308206323
308455175	308455198
308455207	308455232
308545642	308545666
308545670	308545695
308799298	308799667
310962320	310962346
311051409	311051432
311480277	311480644
311486783	311486803
312786554	312786577
312858918	312858939
313375040	313375409
313381736	313381760
315110460	315110486
315111600	315111621
316922601	316922626
316934392	316934417
317360524	317360550
317450303	317450327
319682239	319682605
319771618	319771639
320285192	320285215
320302245	320302265
321844695	321844720
321845650	321845671
323655531	323655552
323665230	323665254
323829239	323829260
323839445	323839468
324692437	324692457
324952573	324952597
324962812	324962835
324967857	324967881
324968918	324968943
325042497	325042867
325139920	325139946
325296000	325296021
325394500	325394524
325484472	325484493
326082744	326083115
326171710	326171734
326609679	326609699
326696183	326696553
326948996	326949022
326956247	326956617
327284154	327284180
327291274	327291298
327648093	327648113
327729426	327729449
327899236	327899259
327984967	327984987
328153657	328153683
328167136	328167160
330835968	330835990
330913842	330913867
331100709	331100734
331174286	331174306
331272697	331272720
331353612	331353636
331353644	331353669
331434884	331434904
331434913	331434936
331439441	331439465
331609476	331609499
331615738	331615758
331691416	331691436
331777162	331777186
331789824	331789844
331863473	331863492
332560058	332560082
332568591	332568612
334032803	334032828
334040151	334040175
335664358	335664381
335673699	335673722
335849901	335849925
335924560	335924929
336114560	336114580
336202335	336202358
336807530	336807550
336978208	336978232
337059491	337059512
337140819	337140840
337998106	337998131
338084231	338084255
338185355	338185380
338264244	338264265
338439492	338439517
338524224	338524248
338689297	338689323
338698445	338698466
338876804	338876829
338953304	338953328
339046813	339046838
339127149	339127173
339740784	339740805
339830653	339830678
339998992	339999017
340089427	340089452
340433422	340433446
340506115	340506135
340954293	340954316
341125482	341125502
342244586	342244607
342249800	342249823
342329331	342329354
342337021	342337044
342501334	342501701
342509828	342509852
342593299	342593318
342757509	342757529
342768112	342768132
342840722	342840742
342849285	342849309
342940860	342940880
343354483	343354503
343372877	343372897
343443729	343443752
343623592	343623612
343714054	343714078
343788609	343788633
343966500	343966523
344145948	344145969
344313664	344313688
344319760	344319780
344393920	344393944
344396561	344396581
344407302	344407325
344483809	344483832
344662102	344662123
344751937	344751960
344829357	344829381
344914978	344914998
345010298	345010322
345086348	345086371
345092124	345092144
345101898	345101923
345255553	345255577
345263344	345263364
345442048	345442072
345514819	345514840
345699663	345699683
345945723	345945747
345958094	345958115
346032496	346032866
346039948	346039969
346212805	346212829
346218037	346218057
346291468	346291488
346297362	346297387
346382995	346383019
346383027	346383052
346387186	346387211
346387218	346387243
346472095	346472116
346483882	346483903
346569797	346569818
346569826	346569851
346639793	346639817
346639825	346639846
346821307	346821327
346823815	346823841
346828716	346828740
346904285	346904652
347072716	347072739
347330047	347330068
347424919	347424943
347516495	347516518
347591869	347591892
347850888	347850911
347860494	347860518
347953005	347953030
348106553	348106578
348116074	348116098
348118984	348119004
348200805	348200825
348205941	348205964
348371021	348371042
348452179	348452203
348456427	348456448
348540243	348540264
348540272	348540296
348543917	348543937
348543946	348543971
348555124	348555148
348638335	348638701
348720971	348720994
348725368	348725392
348799792	348799816
348799824	348799846
348802981	348803005
348809034	348809054
348975019	348975043
349075876	349075899
349144356	349144380
349146281	349146300
349161528	349161549
350615764	350615787
350617751	350618121
350959462	350959487
350964923	350964944
351834973	351834998
351839026	351839050
352172884	352172908
352175328	352175351
352272804	352272828
352343597	352343618
352425894	352425914
352429549	352429569
352525107	352525128
352529638	352529662
353127620	353127645
353128467	353128491
353295001	353295021
353384748	353384772
353563561	353563584
353567419	353567439
353653483	353653503
353725116	353725137
353726802	353726823
353732064	353732085
354595372	354595393
354603123	354603143
354846532	354846555
354854451	354854472
355033196	355033217
355110177	355110198
355285027	355285052
355296003	355296026
355381725	355381746
355550976	355551000
355722920	355722944
355799822	355799843
356664696	356664717
356673071	356673094
356749248	356749273
356756879	356756902
356756911	356756931
356764231	356764254
357102832	357102857
357109779	357109803
357800073	357800097
358043595	358043616
358482398	358482422
358564556	358564580
358653808	358654178
358733279	358733303
359528721	359528744
359596820	359596844
359862136	359862161
359869915	359869938
360119937	360119960
360306214	360306234
362451933	362451957
362620993	362621016
362628942	362628966
362719757	362719781
363244741	363244766
363316789	363316813
367645074	367645100
367734358	367734378
368599976	368600000
368680131	368680155
368763255	368763279
368772101	368772122
369023543	369023914
369032038	369032061
369971086	369971109
369976197	369976216
370231373	370231398
370242485	370242509
370580074	370580099
370664943	370664963
370669074	370669098
370845285	370845305
370848035	370848060
370934350	370934373
371540238	371540264
371613452	371613476
371613481	371613504
371619788	371619811
371960003	371960027
371968661	371968684
372474307	372474332
372488943	372488963
372733513	372733535
372747884	372747908
372902736	372902757
372907957	372907977
373007933	373007956
373092839	373092862
373339707	373339730
373342378	373342402
373440769	373440793
373526261	373526281
374029456	374029481
374035157	374035178
374474882	374474905
374640332	374640355
374719647	374719672
374721440	374721461
374906043	374906068
374907841	374907864
374907870	374907893
374981236	374981256
374993309	374993334
375066733	375066757
375243045	375243071
375244341	375244707
375513625	375513645
375595803	375595826
376015576	376015601
376105535	376105559
376201507	376201528
376285396	376285420
376794196	376794221
376892758	376892779
376982324	376982349
377060275	377060299
377241011	377241037
377325324	377325348
377672669	377672694
377751481	377751505
377751513	377751534
377756586	377756606
377756614	377756639
377835248	377835271
377835280	377835300
377921558	377921578
377921586	377921611
377933723	377933743
377933751	377933775
378004518	378004539
378011450	378011475
378087311	378087335
378173760	378173785
378189701	378189722
378352005	378352029
378357162	378357187
378538320	378538343
378609347	378609371
378790779	378790802
378797545	378797568
378958532	378958557
378962073	378962093
379042013	379042036
379049823	379049846
379210014	379210035
379212487	379212508
379228169	379228189
379301387	379301411
379396605	379396625
379398159	379398180
379480207	379480230
379486945	379486965
379816440	379816461
379919976	379919999
380171544	380171564
380176773	380176797
380423062	380423082
380427350	380427374
380606232	380606257
380680491	380680511
381302348	381302374
381369663	381369688
381458750	381458776
381464019	381464040
381636016	381636042
381646318	381646341
381806965	381806987
381889910	381889930
381991106	381991129
382064456	382064477
382074852	382074875
382164994	382165363
382410808	382410833
382421399	382421419
382426542	382426566
382498126	382498149
382502513	382502539
382508544	382508568
383539618	383539987
383618234	383618603
384826898	384826921
384831241	384831262
384831270	384831295
384920264	384920287
384920641	384920662
384932117	384932140
385002021	385002041
385008017	385008037
385009237	385009261
385014410	385014430
385171235	385171256
385258726	385258749
385450499	385450524
385516942	385516966
386123521	386123544
386135684	386135703
386227327	386227349
386300025	386300045
386311933	386311958
386391337	386391361
386469163	386469188
386481485	386481508
387598522	387598543
387610437	387610457
388030180	388030204
388110778	388110799
388204135	388204160
388205803	388205823
388205832	388205855
388300851	388300872
388457480	388457503
388474509	388474532
388732905	388732928
388807832	388807855
388817582	388817604
388895378	388895398
388895407	388895431
388904548	388904571
392093131	392093155
392183550	392183573
393294973	393294998
393304033	393304054
393472565	393472585
393568788	393568808
393724994	393725018
393731905	393731928
394164578	394164601
394176927	394176951
394592707	394592732
394597954	394598323
395112765	395112790
395194827	395194848
395367534	395367557
395465347	395465372
396154777	396154801
396159793	396159814
396321476	396321501
396417996	396418019
396844232	396844255
396855203	396855223
397008183	397008203
397015397	397015417
397189528	397189548
397196667	397196691
397196700	397196724
397283098	397283118
397365333	397365700
397373059	397373079
397373087	397373112
397534557	397534578
397632259	397632279
397789380	397789404
397884116	397884141
397975295	397975319
398055577	398055601
398145217	398145240
398583430	398583455
398650076	398650095
400650783	400650808
400733707	400733728
400897205	400897229
400905032	400905055
401070160	401070530
401077894	401077917
401243572	401243595
401251269	401251290
402024799	402024819
402032179	402032199
402111666	402111686
402120573	402120593
402198387	402198411
402211988	402212012
402714029	402714051
402714885	402714904
404274474	404274494
404282251	404282275
405495367	405495391
405653644	405653667
405658398	405658423
405747455	405747476
406091327	406091347
406168432	406168456
406258462	406258486
406263612	406263635
406433515	406433541
406444871	406444894
406525466	406525836
406529445	406529465
406684931	406684952
406701298	406701321
406701330	406701354
406772206	406772230
407388386	407388411
407395963	407395986
407549961	407549984
407561855	407561876
408075937	408075960
408153932	408153956
408340280	408340304
408423282	408423307
408585651	408585672
408604972	408604993
409203405	409203431
409366701	409366725
409726532	409726556
409802131	409802151
409970601	409970623
410059740	410059760
410670756	410670780
410676871	410676894
413256517	413256542
413260014	413260034
413783864	413783885
413957110	413957133
414217317	414217342
414290748	414290769
414303159	414303183
414305783	414306152
415336205	415336225
415419912	415419935
415427955	415427979
415515769	415515790
415591080	415591104
415673005	415673029
415673381	415673403
415757010	415757034
415757769	415757789
415771496	415771517
415930916	415930940
416028305	416028325
416376542	416376566
416448984	416449004
416543389	416543413
416544280	416544304
416622694	416622718
416627962	416627983
416986570	416986594
417066028	417066049
417144025	417144395
417155955	417155979
417331190	417331210
417490098	417490123
417576465	417576489
417659718	417659739
419049764	419049789
419055012	419055035
419225795	419225815
419303856	419303877
419310738	419310762
419476757	419476780
419571759	419571779
419663129	419663153
419740810	419740834
419750640	419750660
419823009	419823029
419904348	419904371
419921775	419922145
420181537	420181561
420183169	420183193
420255885	420255909
420257401	420257422
420341316	420341339
420351984	420352004
420436657	420436677
420615548	420615569
420687665	420687686
420778681	420778704
420855480	420855500
420861625	420861650
421033552	421033576
421046486	421046511
421286497	421286521
421808528	421808551
421818739	421818763
421988990	421989014
422066956	422066976
423548814	423548838
423628939	423628964
423888915	423888936
423973847	423973867
424054675	424054700
424064654	424064674
424743714	424743739
424916179	424916203
425005266	425005291
425100480	425100503
425268835	425268856
425351710	425351731
425450337	425450362
425523787	425523811
425619449	425619474
425788905	425788929
426055249	426055270
426130468	426130488
426130497	426130867
426212083	426212107
426212111	426212135
426215918	426215938
426228480	426228500
426298891	426298915
426307545	426307565
426816268	426816288
427782358	427782379
427866714	427866738
427945433	427945457
428115500	428115520
428129697	428129721
428215122	428215146
428549590	428549610
428805161	428805181
429070642	429070663
429155014	429155038
429243429	429243452
429323382	429323405
430706155	430706179
430714489	430714509
430887636	430887657
430966720	430966744
430974910	430974933
430978920	430978944
431060851	431060875
431140496	431140520
432957390	432957411
432967121	432967146
433054229	433054252
433123256	433123280
433399914	433399934
433570885	433570908
433647184	433647208
433911612	433911636
434255976	434255999
434337294	434337315
434509290	434509310
434524185	434524206
435290307	435290330
435300800	435300820
435465515	435465539
435557169	435557192
436683168	436683193
436759000	436759020
436759028	436759051
436844736	436844759
437097670	437097695
437187900	437187925
438914838	438914861
439015906	439015927
439520415	439520439
439524650	439524673
439796235	439796256
439873780	439873800
439880073	439880096
439959267	439959291
440130297	440130320
440139286	440139306
440640487	440640511
440655703	440655727
441002880	441002900
441087941	441087961
441254774	441254799
441262327	441262350
441516442	441516462
441524145	441524168
442465168	442465192
442466801	442466825
443149178	443149198
443156470	443156837
443424991	443425012
443498306	443498329
443933944	443933968
443941761	443941784
444275974	444275997
444283837	444283860
444873861	444873885
444888654	444888677
445138022	445138045
445152733	445152754
445221829	445221852
445226450	445226471
445314243	445314267
445324677	445324697
445495749	445495770
445748013	445748037
446016026	446016049
446016847	446016871
446784321	446784345
446863802	446863825
446875551	446875575
447050504	447050528
447381836	447381857
447466749	447466769
448164033	448164054
448174219	448174239
448336936	448336956
448347046	448347070
448349102	448349122
448420349	448420372
448420381	448420402
448423112	448423133
448597461	448597485
448603126	448603493
448680660	448680681
448692691	448692715
448771245	448771269
448776478	448776498
448863017	448863037
448868247	448868271
449297712	449297732
449382455	449382825
449635208	449635229
449642322	449642346
449721955	449721980
449802206	449802230
450161464	450161489
450234789	450234810
450243465	450243485
450412851	450412872
450576158	450576183
450668873	450668898
450763101	450763125
450764431	450764455
451804137	451804161
451874992	451875017
451958618	451958642
451961272	451961296
451964941	451964962
451972407	451972427
452060838	452060862
452141892	452141916
452145062	452145086
452313733	452313757
452402958	452402982
452408563	452408582
452666433	452666457
452751881	452751901
452916077	452916101
453258967	453258990
453521818	453521839
453696806	453696830
453781700	453781720
453945947	453945967
455087937	455087958
455158209	455158232
455241677	455241699
455260204	455260228
455418264	455418289
455506965	455506988
456550753	456550777
456626075	456626095
456721784	456721807
456797275	456797295
456983065	456983435
456989109	456989475
457670485	457670506
457674695	457674719
457674724	457674749
457761053	457761077
457761085	457761105
457764894	457764915
458198383	458198406
458270236	458270259
458285077	458285100
458356495	458356518
458442892	458442913
458787849	458787873
458793102	458793125
458800816	458800839
458888574	458888598
458975134	458975154
458976284	458976303
459132454	459132477
459140231	459140255
459477959	459477983
459480825	459480845
459835786	459835810
460004429	460004452
460088659	460088679
460181195	460181219
460271248	460271273
460354227	460354251
460427621	460427642
460427650	460427673
460604957	460605324
460617455	460617479
460775868	460775892
461815357	461815381
461824446	461824470
461985122	461985146
461994058	461994082
462073450	462073474
462082813	462082834
462680714	462680737
462689448	462689472
462941164	462941188
462950392	462950415
463114501	463114524
463287550	463287574
463370251	463370271
463460342	463460366
463802428	463802451
463809138	463809162
464679167	464679187
464752161	464752531
465882808	465882833
466046846	466046866
466396863	466396888
466396881	466396888
466486971	466486994
466733154	466733174
466906519	466906543
466912870	466912893
466922189	466922210
467005936	467005957
467079604	467079627
467093228	467093253
467176190	467176214
467264609	467264630
467425332	467425353
467513149	467513169
467529911	467530281
467876089	467876109
468043069	468043093
470458801	470458825
470467062	470467086
470896645	470896670
470968638	470969004
472276562	472276582
472436395	472436419
472526399	472526423
472621833	472621854
472705711	472705732
472867273	472867297
472956576	472956600
473052425	473052445
475559557	475559580
475650489	475650510
476598885	476598905
476671854	476671878
477108783	477108804
477116520	477116544
477189266	477189287
477197218	477197587
478495720	478495740
478580404	478580428
478848733	478848754
478919589	478919609
479267345	479267715
479272515	479272536
479617281	479617651
479618108	479618128
479623775	479623796
479694123	479694144
479871738	479871763
480042982	480043006
480228527	480228550
480311512	480311532
480570954	480570979
480651390	480651410
480741337	480741706
480832504	480832529
481334559	481334584
481342392	481342413
483151782	483151806
483159587	483159611
483239835	483239858
483252765	483252786
483511007	483511027
483580915	483580939
483930022	483930046
484102839	484102859
485836897	485836921
485843144	485843167
486015563	486015586
486093556	486093579
486278557	486278582
486436710	486436731
486795910	486795934
487042998	487043021
487126726	487126747
487129485	487129508
487394636	487394661
487482773	487482797
487653052	487653076
487733686	487734056
487734060	487734084
487816611	487816632
487831813	487831837
487904751	487905121
488951451	488951471
488955246	488955270
488955278	488955299
489036515	489036539
489036547	489036567
489040645	489040669
489295391	489295411
489370855	489370878
489716949	489716973
489805154	489805177
490080209	490080233
490238078	490238102
490855692	490855716
491012576	491012946
491283690	491283715
491374089	491374109
491530631	491530654
491538504	491538528
491543765	491543788
491621361	491621385
492052338	492052358
492062326	492062692
492151933	492151957
492234960	492234981
492919002	492919026
493017702	493017722
493269111	493269135
493443598	493443621
493785741	493785765
493785759	493785765
493790163	493790187
494314704	494314724
494397362	494397384
494475989	494476013
494558291	494558312
495165368	495165392
495260700	495260725
495864386	495864409
495945022	495945046
495948555	495948575
496028008	496028028
496283393	496283416
496294026	496294045
496296491	496296515
496379564	496379587
496718078	496718101
496801204	496801227
496976758	496977125
496984330	496984353
497665740	497665764
497760899	497760920
497849078	497849098
498017510	498017534
498284370	498284390
498368363	498368387
498535785	498535806
498541290	498541315
498541322	498541343
498546456	498546477
498797631	498797656
498802885	498802910
498893913	498893934
498974129	498974153
499140648	499140671
499225646	499225667
499669553	499669573
499754184	499754208
500357437	500357462
500435747	500435768
502685585	502685606
502763494	502763518
504076852	504076876
504152659	504152678
504152687	504152711
504160028	504160047
504329130	504329150
504408447	504408471
504504609	504504629
504590900	504590923
504755266	504755289
504845112	504845136
505009209	505009209
505100483	505100503
507781572	507781596
507788381	507788404
507788413	507788433
507790080	507790100
508040718	508040738
508129238	508129261
508567095	508567119
508740941	508740964
509424911	509424935
509513003	509513026
509513035	509513054
509588064	509588567
509676541	509676565
509775880	509775901
510199300	510199321
510290627	510290648
510293408	510293429
510384293	510384317
510458156	510458175
510538569	510538593
510637021	510637042
510720033	510720054
511162535	511162558
511239651	511239672
511407916	511407936
511489749	511489772
511579010	511579033
511662769	511662790
511750899	511750919
511764518	511764543
511845163	511845187
511922963	511922984
512285032	512285052
512365912	512365932
512454302	512454326
512528736	512528759
512538681	512538704
512611343	512611366
512611375	512611398
512620143	512620163
512706519	512706544
512788624	512788644
512973445	512973469
513144300	513144324
513145525	513145545
513230839	513230862
514429990	514430010
514435272	514435296
514523683	514523707
514698022	514698045
514775624	514775645
514783395	514783418
514786080	514786100
514787058	514787082
515738063	515738087
515739865	515739885
519184029	519184050
519196679	519196699
519361100	519361123
519451022	519451042
519882844	519882867
519884457	519884477
520046010	520046034
520057396	520057419
520059141	520059165
520140971	520140994
520141003	520141023
520144797	520144817
520229291	520229314
520395244	520395264
520492125	520492145
520573074	520573093
520646905	520647275
520733198	520733218
520823143	520823167
520835775	520835800
521002450	521002474
521357561	521357586
521424453	521424477
521439599	521439622
521514143	521514167
521526870	521526893
521612862	521613228
521691151	521691174
521694846	521694867
521769717	521769740
522394488	522394508
522471428	522471448
523939348	523939368
524116695	524116719
527316941	527316964
527387822	527387842
527473807	527473827
527486761	527486785
527565498	527565521
527577867	527577888
528340722	528340745
528347666	528347689
528347698	528347719
528441798	528441819
532406732	532406755
532490333	532490356
533781932	533781952
533789571	533789594
534404038	534404062
534478567	534478590
534661685	534661709
535088637	535088661
535177326	535177347
535340054	535340079
535425517	535425537
535613475	535613498
535686931	535686951
536461920	536461920
536631423	536631447
537422174	537422198
537506627	537506648
537597673	537597693
538723434	538723458
538975530	538975550
539672925	539672944
539748000	539748023
540179724	540179747
540267205	540267229
540869367	540869382
540879640	540879660
540953002	540953022
540956754	540956778
541055111	541055134
541130595	541130616
541308443	541308464
541385080	541385100
541559594	541559617
541571063	541571084
541814687	541814711
541829122	541829143
542001156	542001179
542074589	542074613
542080747	542080766
542256787	542256811
542257169	542257193
542681403	542681429
542698311	542698335
543116849	543116873
543127198	543127218
543464217	543464237
543552286	543552310
544499246	544499266
544508422	544508442
544581811	544581830
544586427	544586450
544930248	544930271
545023448	545023471
545026243	545026262
545103193	545103217
545185289	545185308
545272167	545272191
545282006	545282031
545376949	545376969
545449292	545449312
545532204	545532228
545619933	545619953
545709484	545709505
547523248	547523271
547534505	547534525
547793582	547793602
547877555	547877576
547877584	547877954
547955981	547956001
548213377	548213400
548225781	548226147
548652965	548652988
548738119	548738143
550294206	550294572
550384805	550384826
550387987	550388011
550465083	550465106
550467795	550467818
550548665	550548689
550551414	550551438
551329886	551329909
551495584	551495608
552096295	552096315
552100449	552100469
552100478	552100502
552187061	552187085
552187093	552187113
552269263	552269286
552270800	552270823
552277846	552277866
552366761	552366781
552455039	552455062
552970726	552970750
553046635	553046659
553052613	553052633
553062034	553062058
553224540	553224560
553232325	553232345
553307842	553308211
553309496	553309517
553741920	553741920
553741920	553741920
553834757	553834777
553999714	553999737
554003878	554003902
554086262	554086286
554345910	554345933
554353221	554353244
555653158	555653178
555813812	555813836
556090691	556090715
556164104	556164128
556862707	556862726
556951275	556951296
558850236	558850259
558933092	558933112
561360857	561360881
561438555	561438578
561859602	561859625
561879291	561879314
562046795	562046818
562206754	562206774
563687892	563687917
563766214	563766238
564625245	564625264
564632290	564632659
564643227	564643251
564722515	564722534
566624376	566624395
566701213	566701233
566705657	566705681
566784207	566784228
566789437	566789461
566876617	566876640
566876649	566876673
567318841	567318862
567395318	567395341
567398462	567398486
567476383	567476403
567566197	567566217
567577423	567577447
567655327	567655347
567667953	567667976
567734643	567734663
567825339	567825362
567828676	567828699
567917957	567917977
567919645	567919668
567998784	567998784
568081382	568081382
568167266	568167264
568168553	568168572
568255392	568255392
568271195	568271211
568346288	568346311
568355736	568355757
568357568	568357595
568357604	568357623
568519249	568519266
568531306	568531033
568602162	568601881
568610542	568610496
568702168	568702188
568777546	568777569
568785529	568785898
569464147	569464171
569477520	569477540
569480555	569480578
569649024	569649024
569724668	569724687
569736541	569736564
569828100	569828123
569907624	569907647
570857899	570857918
570948769	570948792
571539010	571539034
571639025	571639050
571975788	571975812
572056210	572056234
572152319	572152339
572246334	572246357
572411259	572411275
572494448	572494471
572848027	572847552
573100195	573100215
573177605	573177628
573352486	573352510
573358404	573358428
573364702	573364726
574487779	574487799
574562706	574562726
574649919	574649944
574656163	574656183
574666328	574666352
574738151	574738174
574751862	574751885
574835780	574835800
574839585	574905618
574911899	574911919
575164801	575164822
575172658	575172681
575339544	575339563
575352525	575352548
575529046	575529416
575604676	575604699
575689537	575689560
575778310	575778330
575778339	575778363
575786042	575786062
575942601	575942624
576029252	576029276
576563728	576563749
576634113	576634482
576734199	576734223
576807585	576807606
576818642	576818663
576825583	576825606
576984758	576984782
576991469	576991489
577073490	577073510
577157645	577157668
577595487	577595511
577673900	577673920
578289476	578289500
578361931	578361955
578371468	578371489
578381629	578381649
578451659	578451682
578539775	578539796
578552902	578552925
578629587	578629608
578802543	578802563
578883684	578883707
578884770	578884790
578890784	578890804
578974317	578974341
578980427	578980451
578983233	578983256
579066818	579066841
580361944	580361968
580439908	580439929
580453750	580453770
580612693	580612713
580627444	580627468
580698352	580698721
580709187	580709210
580799117	580799138
581562297	581562317
581578353	581578376
581734018	581734043
581741751	581741771
581992580	581992604
582005399	582005419
582171444	582171464
582177068	582177087
583113756	583113776
583119095	583119115
583202605	583202629
583207883	583207906
583375531	583375550
583383491	583383515
583387972	583387993
583460326	583460349
583565015	583565036
583646093	583646113
583817061	583817081
583824233	583824253
584427901	584427921
584508468	584508489
585375825	585375848
585621079	585621103
585889023	585889047
585893252	585893272
585893280	585893304
585969390	585969413
585969422	585969443
585973562	585973583
587187390	587187413
587194764	587194784
587280847	587280871
587438407	587438430
588217347	588217370
588315080	588315100
588470490	588470514
588566763	588566784
589523817	589523840
589595617	589595641
589607546	589607566
589611385	589611754
589694852	589694872
589773417	589773437
589853258	589853279
589858886	589858910
589864300	589864321
589954804	589954825
590635869	590635889
590642859	590642880
590804112	590804135
590821821	590821845
590985608	590985628
591074548	591074568
591076350	591076373
591153158	591153181
591166111	591166134
591235257	591235280
591511922	591511943
591585208	591585233
592890737	592890757
592965880	592965900
592972103	592972127
593055140	593055164
593238907	593238930
593312363	593312386
593396144	593396168
593404049	593404068
593489887	593490253
593495450	593495470
593656426	593656450
593662438	593662461
593845666	593845689
593922508	593922528
593925333	593925699
593929200	593929223
594088216	594088236
594099448	594099473
594275740	594275763
594349056	594349076
594439045	594439068
594524578	594524598
595054494	595054515
595127905	595127928
595656680	595656703
595661923	595661947
595742052	595742076
595815549	595815568
595910394	595910418
595911359	595911379
596351215	596351239
596423663	596423686
597303541	597303565
597381152	597381172
597470040	597470060
597553920	597553943
598755102	598755469
598761525	598761548
598942591	598942962
599015142	599015162
599188781	599188804
599193901	599193922
599288668	599288691
599366488	599366512
599875314	599875339
599882155	599882595
600998400	600998400
600998400	600998400
601272288	601272288
601272288	601272288
601358242	601358265
601518890	601518913
602308543	602308565
602388982	602389003
602484077	602484101
602644686	602644709
602736254	602736278
602744091	602744114
602827533	602827557
602832996	602833020
602901385	602901413
602907031	602907055
602997799	602997822
603003891	603003911
603083495	603083519
603090406	603090430
603515382	603515405
603521775	603522144
604026811	604026834
604121910	604121933
604128793	604128813
604212128	604212497
604560060	604560084
604637812	604637835
604992926	604992950
605065762	605066131
605074122	605074142
605078303	605078324
605769878	605769903
605843964	605843984
606013125	606013147
606022173	606022197
606960505	606960874
606967070	606967089
607060719	607061089
607132821	607132844
607138053	607138074
607140812	607140836
607481072	607481096
607498683	607498706
607651308	607651333
607656034	607656403
609913311	609913336
609986837	609986860
611213663	611213688
611289128	611289151
611460649	611460673
611539299	611539322
611644247	611644618
611645553	611645576
611718964	611718984
611726689	611726709
611893501	611893521
611900828	611900849
611981675	611981698
612057662	612057682
612157076	612157099
612241011	612241032
612589876	612589897
612666902	612666922
612838899	612838919
612846676	612846700
613102366	613102386
613269182	613269206
613625381	613625401
613802293	613802313
613963067	613963088
614044913	614044933
614055370	614055394
614145139	614145163
614237508	614237528
614317152	614317176
614480425	614480448
614484732	614484752
614484760	614484785
614566001	614566020
614566029	614566053
614583262	614583282
614668828	614668851
614740657	614740678
614841482	614841505
614914126	614914149
614995253	614995277
615100144	615100168
615100176	615100196
615180462	615180485
615180494	615180515
615263951	615263975
615433594	615433615
615438544	615438565
615533978	615600011
615614818	615614838
615690301	615690325
615773715	615773736
615868178	615868199
616037465	616037488
616734777	616734798
616813170	616813190
616902048	616902048
617000903	617000926
617159971	617159995
617163408	617163428
617946770	617946791
618039465	618039489
618115996	618116016
618121273	618121294
618125550	618125571
618198975	618198999
618283736	618283759
618290145	618290514
618542407	618542430
618547485	618547505
618633739	618633759
618640532	618640555
620267607	620267632
620273429	620273450
620451509	620451534
620525743	620525763
621408070	621408093
621739983	621740003
621916205	621916228
621922342	621922365
622348082	622348103
622435347	622435367
622525152	622525176
622617693	622617712
622869282	622869302
623041144	623041168
623118791	623118814
623813478	623813498
623821222	623821246
624588306	624588331
624673041	624673065
624935979	624935999
624948507	624948527
625118706	625118726
625122451	625122474
625190438	625190462
625197667	625197687
625200963	625200986
625279881	625279904
625297124	625297148
625374872	625374893
625450579	625450603
625458311	625458335
625468931	625468955
625640008	625640029
625642748	625642768
625882114	625882483
625889790	625889811
625974533	625974553
626067430	626067451
626147318	626147342
626151534	626151557
626238616	626238635
626313828	626313853
626320912	626320931
626327563	626327582
626404675	626404696
626579025	626579049
626592769	626592792
626664731	626664751
626762132	626762156
627101961	627101985
627102787	627102807
627180291	627180315
627193234	627193257
627278710	627278733
627350412	627350436
627443043	627443066
627449857	627449881
627698838	627698861
627711621	627711640
628562128	628562152
628579347	628579371
628734678	628734701
628746989	628747013
628821258	628821278
628830063	628830432
628832559	628832579
628839084	628839107
629010318	629010343
629085342	629085365
629339657	629339677
629344880	629344903
629351832	629351856
629427504	629427527
629522974	629522998
629530540	629530560
629605900	629605920
629611129	629611499
629700963	629700984
629861350	629861374
629871893	629871916
629949363	629949383
630046515	630046538
630126872	630126892
630211450	630211470
630215622	630215642
630637959	630637983
630646840	630646864
630903224	630903249
630908364	630908388
630981277	630981302
630988276	630988299
631075583	631075606
631158912	631158912
631339991	631340357
631412064	631412064
632715895	632715919
632727375	632727396
632809152	632809152
632809152	632809152
632895684	632895709
632971162	632971182
632973324	632973348
632981169	632981192
633846245	633846266
633917873	633917892
633920613	633920637
633926554	633926581
633934334	633934358
634005103	634005126
634179517	634179538
634187586	634187603
634279033	634279057
634364520	634364543
634529846	634529871
634537528	634537552
634609024	634609048
634617059	634617082
634621344	634621369
634695317	634695337
634787902	634787923
634792179	634792199
634968444	634968464
635045566	635045590
635567501	635567525
635646003	635646026
635909283	635909307
635914837	635914860
635923293	635923313
635995001	635995024
636003809	636003830
636083102	636083126
636096277	636096301
636169537	636169560
636180052	636180076
636253171	636253195
636348567	636348592
636356071	636356091
637306733	637306757
637377182	637377202
637461336	637461360
637475152	637475176
637738601	637738621
637813012	637813035
637823180	637823204
637900182	637900205
638151436	638151456
638167978	638168002
638323205	638323228
638334800	638334823
638414036	638414059
638418326	638418346
638497909	638497930
638502994	638503018
638510152	638510173
638668946	638668967
638682789	638682809
638687414	638687438
638764898	638764922
638855043	638855064
639017028	639017048
639023060	639023084
