76914283	77246262
78453352	80182786
80715799	81997463
82445052	83212238
83739053	85036695
85805655	86231687
86578885	86590315
86846327	88579407
88838722	90379804
90726327	90906775
90980259	90981387
91069465	91768216
91942776	92290943
92367890	92368091
92548683	94109534
94957229	94958897
94966684	95482009
95658750	96007874
96777127	97469991
97640705	97723074
97810324	97899904
98342330	98505082
98845223	98846190
98855004	99375987
99880227	100569930
100918997	101007069
101193858	101278980
101625877	101788128
101952279	102043873
102573519	102913987
103000093	103173776
103606810	103953361
104121980	105077426
105077978	105078109
105078276	105583671
106026910	106363812
106366550	106805265
107068144	107150189
107233826	108783227
108790001	108790162
108872091	108961902
109039792	109733445
110420228	110946495
110953304	111034446
111044330	112073788
112076682	112337438
112422422	112581234
112586494	113019292
113021967	113110812
113195336	113357831
113365555	113371862
113374576	113460008
113544651	113707126
113981897	114065353
114497431	115176437
115191244	116573752
116899625	117261452
117431537	117684146
118199558	118464192
118559068	118645822
118719183	118893513
119503703	120628442
120789191	121824889
121912361	123137784
123226552	123297478
123388739	123397622
123482397	123482406
123555814	123555824
123825395	125037470
125472805	125643963
125895221	125895231
125973008	126147840
126157411	126159145
126489872	127275033
127284821	127531809
127712666	127713024
128140282	128140291
128220244	128236957
128402612	128567869
128570305	128736893
128738863	128910865
129183061	130481566
130559118	131600345
131673967	131673980
131761920	132799732
132806542	132979564
133231643	133242763
133321519	133500174
133840050	134008370
134010785	134452581
134611584	134698025
134798042	134963334
135062684	135927479
136004927	136177270
136265941	136440729
136513832	136952865
137031276	137136943
137474636	137808173
137813219	138072682
138166692	139122588
139200168	139282392
139294098	139538750
139625970	139631122
139898917	140152128
140315546	140330199
140333058	141280730
141443965	141527766
141629740	141698731
141701342	141702975
141705627	141710040
141797254	141882083
141888815	141969043
142133685	142229530
142234552	142475531
142481707	142656210
142823677	142911210
142918206	143350836
143529763	143703430
143868471	143952383
144036716	144212351
144290645	144292346
144651169	144911307
144991334	145152483
145159036	145603901
145775319	145777097
145940947	146809329
146896607	147493633
147668065	147935134
148276336	149565675
149656227	150163213
150170293	150170302
150257690	150257700
150346450	150432081
150439788	151120608
151288166	151977691
152066864	152601635
152680061	154926893
155006993	155007002
155089126	155367266
155438181	155883334
156049988	156049997
156218157	156742183
156907161	157002956
157088224	157178468
157256002	157256011
157337427	158119867
158127996	159756436
159757359	163134876
163476741	164263207
164347670	164427305
164433985	165285422
165456286	167111860
167189646	168153049
168401731	168483710
168653089	168655670
168840314	168916816
168929792	169102342
169191220	169277567
169355311	169363174
169440902	169534980
169612964	169690698
169696901	169781323
169789189	170470764
170481939	170917406
170918700	171160449
171250087	171347222
171431627	171599397
171850647	172113444
172203859	172288989
172382879	172455775
172474558	172542720
172550385	172560104
172633322	172727452
172806105	172806117
172895930	173233274
173319645	173417138
173507124	173933752
173940595	173940605
174013533	174615379
174629107	174634294
174874879	174892118
174961765	175047731
175141043	175305981
175400823	175923873
176002175	176272619
176273616	177051191
177139959	177304352
177393149	178088769
178162282	178250572
178342926	178507208
178684104	179377841
179467906	179810879
179891359	180576036
180670500	180840618
180850147	180855531
180941075	180941084
181098030	181098040
181105072	181790397
181880806	181959441
181967913	182132949
182146174	182318113
182393468	182393476
182822731	183007705
183098452	186286646
186457538	186644053
186895368	187401672
187409649	187584891
187673815	187927122
187939315	188276048
188276988	188278657
188283934	188354768
188445315	190178508
190344646	193625282
193628565	193800835
194231002	194231011
194240285	194314662
194317561	195179405
195266974	195362628
195610693	195801409
195957248	195963927
196048706	196131778
196140135	196302661
196487712	196925114
197009401	197009411
197176984	197516754
197688619	197701623
197867414	198556885
198638129	198807759
198812867	200024073
200034555	200201797
200209141	200374839
200450864	201315655
201672747	201753990
202015400	202093240
202281023	202443962
202528632	202532248
202611780	202699698
202783739	204165434
204177032	204339019
204351793	204524399
204601564	204951386
204959151	204959156
205032740	205036888
205044864	205218527
205388604	205980704
206243238	206596267
206687057	207965909
207968693	207976121
208054183	208225850
208237436	209531251
209609122	209870112
210048372	210051423
210302269	210403478
210482069	210660897
210729691	210729699
210740990	210917116
210999271	211180159
212985059	212986878
212990078	212993664
213162271	213239548
213252657	213498254
213601161	214543705
214547209	215236588
215398098	215401379
215569117	215828369
215921852	217488295
217561528	217561536
217647875	217819208
217824824	218002847
218083384	218086123
218092755	218253712
218259588	219371618
219376542	219380048
219557545	221098534
221105025	222830823
222913092	222918964
222921725	223529994
223536838	223695857
223701052	224385529
224388621	225262495
225263337	225595853
225607717	225860479
225862698	226120286
226203455	226990326
227079542	228366452
228374297	228620933
228628649	228711420
228792689	228963595
228971466	229914818
230091064	230169809
230176800	230358401
230430678	230966453
231038417	231470154
231476870	232172476
232263480	232346310
232417912	232417919
232680423	232689991
232849729	232849737
232856004	232861944
233036425	233382142
233455578	233811750
233888423	233981694
234064715	234064722
234077768	234672037
234749250	234922917
234927088	235198315
235269431	236049485
236060387	236233249
236304018	237004989
237175806	237436161
237445382	237687532
237701322	237702956
237865458	238130584
238217296	238992968
238997955	239504475
239514962	239682706
239688473	239690189
239780253	239852891
239934684	239939006
239950499	240198429
240210611	240372766
240382383	240459888
240624252	240643159
240723658	240900610
240903293	241248119
241335265	241505515
241580769	241752522
241837462	242277994
242442213	242961988
242964621	243478762
243486627	244095884
244098631	244602249
244609999	244776620
244782895	244962179
245034876	245135439
245208514	245208518
245212713	245212722
245215584	246075885
246153955	246328588
246338854	246591768
246594728	246678079
246765625	247018883
247030908	247036928
247111853	247115667
247204466	247289259
247364431	247367927
247456540	247714161
247717617	247801278
247806608	247893941
247968867	247973634
247983624	248147072
248154757	248847080
248926574	249360899
249438934	249628800
249712567	249783535
249789520	249792828
249869849	249875963
249881804	249969131
249975109	250402134
250475523	250491236
250562172	250822246
250905998	250906006
250910984	251006173
251096114	251181579
251251377	251426665
251436494	252046257
252126669	252297919
252378723	252471222
252549391	252989785
252995905	253504660
253599700	253850470
253858114	253947874
254114638	254198507
254204702	254545702
254546559	254546566
254629535	254633381
254727316	255054755
255065054	255237998
255331287	255761403
255830914	255835872
255920265	256177317
256190001	256190008
256358478	257130116
257142350	257312232
257315005	257924151
257994184	258509858
258525573	258614642
258685429	258773679
258866136	259376701
259382685	259463107
259556100	259556108
259558820	260153072
260250049	260340959
260414084	260496933
260508520	260589463
260600847	260683783
260761520	260761527
260774220	261120976
261197775	261282284
261373403	261540837
261624844	261708385
261716343	261893187
261896039	262157653
262231002	262231009
262314765	262838736
262846365	263088372
263095172	263535690
263794338	263962825
263967171	264134357
264317960	264400928
264473290	264655525
264733957	264913229
264989866	265776327
265781969	266213971
266217817	266548478
266640286	267077511
267156785	267243436
267408294	267423008
267427978	267860056
267929928	268205084
268277566	268369193
268373125	268540030
268543719	268543724
268624961	268624965
268709655	268709663
268809824	269147441
269151995	269492317
269753125	269932107
270089246	270104779
270105618	270441141
270527277	270536685
270610289	271305879
271311564	271402704
271739733	271741876
271745723	271746489
271818828	272177498
272249377	272352017
272427096	272598362
272782232	273724113
273734269	273976347
273986506	274075887
274161452	276062949
276068211	276750825
276756803	276829316
276932385	277003985
277014059	277172973
277183626	277693076
277699995	277878836
278048604	279084149
279177472	281060426
281068162	281159662
281162935	281246251
281320141	281497647
281505278	281507246
281579790	281760812
282097754	282374504
282625757	282885705
282892712	282968929
283149322	283219539
283226571	283319504
283325093	284015143
284016691	284535073
284694966	285213541
285214680	285731254
285738753	286856118
286868030	287038326
287285525	287641242
287716788	287894339
288144251	288144260
288154834	288768311
289271680	289280316
289285718	289531692
289615740	289787616
289872876	289961338
289969071	290060493
290064033	290148127
290221169	290231511
290236634	290312688
290400158	290565960
290658320	290660015
290660463	290660472
290738811	290746490
290753309	290838197
290908831	291089748
291098122	291341072
291348976	291442218
291601955	291692743
291787532	292985962
293000779	293158821
293167763	293597656
293605422	295245505
295323318	295420646
295583511	295749406
295762061	295852111
296273454	297308476
297484707	298181488
298184633	299121259
299128977	299211080
299301853	299382422
299471334	300430540
300431828	300513492
300514936	300516577
300517501	300758616
300762863	300762871
300770690	300770698
300774949	301371350
301449938	301899151
302061424	302751105
303024207	303440767
303453676	303454462
303610080	303698999
303708972	304218326
304315885	304317279
304391685	304402113
304568265	304820406
304833242	304914564
305083111	305258322
305269686	305351830
305444385	305515679
305524703	305695559
305770044	305857255
305951553	305951906
305961775	305961783
306031023	306134289
306209835	306293610
306300296	306902762
306993467	307161721
307164562	308206300
308455198	308455207
308545666	308545670
308799667	310962320
311051432	311480277
311486803	312786554
312858939	313375040
313381760	315110460
315111621	316922601
316934417	317360524
317450327	319682239
319771639	320285192
320302265	321844695
321845671	323655531
323665254	323829239
323839468	324692437
324952597	324962812
324967881	324968918
325042867	325139920
325296021	325394500
325484493	326082744
326171734	326609679
326696553	326948996
326956617	327284154
327291298	327648093
327729449	327899236
327984987	328153657
328167160	330835968
330913867	331100709
331174306	331272697
331353636	331353644
331434904	331434913
331439465	331609476
331615758	331691416
331777186	331789824
331863492	332560058
332568612	334032803
334040175	335664358
335673722	335849901
335924929	336114560
336202358	336807530
336978232	337059491
337140840	337998106
338084255	338185355
338264265	338439492
338524248	338689297
338698466	338876804
338953328	339046813
339127173	339740784
339830678	339998992
340089452	340433422
340506135	340954293
341125502	342244586
342249823	342329331
342337044	342501334
342509852	342593299
342757529	342768112
342840742	342849285
342940880	343354483
343372897	343443729
343623612	343714054
343788633	343966500
344145969	344313664
344319780	344393920
344396581	344407302
344483832	344662102
344751960	344829357
344914998	345010298
345086371	345092124
345101923	345255553
345263364	345442048
345514840	345699663
345945747	345958094
346032866	346039948
346212829	346218037
346291488	346297362
346383019	346383027
346387211	346387218
346472116	346483882
346569818	346569826
346639817	346639825
346821327	346823815
346828740	346904285
347072739	347330047
347424943	347516495
347591892	347850888
347860518	347953005
348106578	348116074
348119004	348200805
348205964	348371021
348452203	348456427
348540264	348540272
348543937	348543946
348555148	348638335
348720994	348725368
348799816	348799824
348803005	348809034
348975043	349075876
349144380	349146281
349161549	350615764
350618121	350959462
350964944	351834973
351839050	352172884
352175351	352272804
352343618	352425894
352429569	352525107
352529662	353127620
353128491	353295001
353384772	353563561
353567439	353653483
353725137	353726802
353732085	354595372
354603143	354846532
354854472	355033196
355110198	355285027
355296026	355381725
355551000	355722920
355799843	356664696
356673094	356749248
356756902	356756911
356764254	357102832
357109803	357800073
358043616	358482398
358564580	358653808
358733303	359528721
359596844	359862136
359869938	360119937
360306234	362451933
362621016	362628942
362719781	363244741
363316813	367645074
367734378	368599976
368680155	368763255
368772122	369023543
369032061	369971086
369976216	370231373
370242509	370580074
370664963	370669074
370845305	370848035
370934373	371540238
371613476	371613481
371619811	371960003
371968684	372474307
372488963	372733513
372747908	372902736
372907977	373007933
373092862	373339707
373342402	373440769
373526281	374029456
374035178	374474882
374640355	374719647
374721461	374906043
374907864	374907870
374981256	374993309
375066757	375243045
375244707	375513625
375595826	376015576
376105559	376201507
376285420	376794196
376892779	376982324
377060299	377241011
377325348	377672669
377751505	377751513
377756606	377756614
377835271	377835280
377921578	377921586
377933743	377933751
378004539	378011450
378087335	378173760
378189722	378352005
378357187	378538320
378609371	378790779
378797568	378958532
378962093	379042013
379049846	379210014
379212508	379228169
379301411	379396605
379398180	379480207
379486965	379816440
379919999	380171544
380176797	380423062
380427374	380606232
380680511	381302348
381369688	381458750
381464040	381636016
381646341	381806965
381889930	381991106
382064477	382074852
382165363	382410808
382421419	382426542
382498149	382502513
382508568	383539618
383618603	384826898
384831262	384831270
384920287	384920641
384932140	385002021
385008037	385009237
385014430	385171235
385258749	385450499
385516966	386123521
386135703	386227327
386300045	386311933
386391361	386469163
386481508	387598522
387610457	388030180
388110799	388204135
388205823	388205832
388300872	388457480
388474532	388732905
388807855	388817582
388895398	388895407
388904571	392093131
392183573	393294973
393304054	393472565
393568808	393724994
393731928	394164578
394176951	394592707
394598323	395112765
395194848	395367534
395465372	396154777
396159814	396321476
396418019	396844232
396855223	397008183
397015417	397189528
397196691	397196700
397283118	397365333
397373079	397373087
397534578	397632259
397789404	397884116
397975319	398055577
398145240	398583430
398650095	400650783
400733728	400897205
400905055	401070160
401077917	401243572
401251290	402024799
402032199	402111666
402120593	402198387
402212012	402714029
402714904	404274474
404282275	405495367
405653667	405658398
405747476	406091327
406168456	406258462
406263635	406433515
406444894	406525466
406529465	406684931
406701321	406701330
406772230	407388386
407395986	407549961
407561876	408075937
408153956	408340280
408423307	408585651
408604993	409203405
409366725	409726532
409802151	409970601
410059760	410670756
410676894	413256517
413260034	413783864
413957133	414217317
414290769	414303159
414306152	415336205
415419935	415427955
415515790	415591080
415673029	415673381
415757034	415757769
415771517	415930916
416028325	416376542
416449004	416543389
416544304	416622694
416627983	416986570
417066049	417144025
417155979	417331190
417490123	417576465
417659739	419049764
419055035	419225795
419303877	419310738
419476780	419571759
419663153	419740810
419750660	419823009
419904371	419921775
420181561	420183169
420255909	420257401
420341339	420351984
420436677	420615548
420687686	420778681
420855500	420861625
421033576	421046486
421286521	421808528
421818763	421988990
422066976	423548814
423628964	423888915
423973867	424054675
424064674	424743714
424916203	425005266
425100503	425268835
425351731	425450337
425523811	425619449
425788929	426055249
426130488	426130497
426212107	426212111
426215938	426228480
426298915	426307545
426816288	427782358
427866738	427945433
428115520	428129697
428215146	428549590
428805181	429070642
429155038	429243429
429323405	430706155
430714509	430887636
430966744	430974910
430978944	431060851
431140520	432957390
432967146	433054229
433123280	433399914
433570908	433647184
433911636	434255976
434337315	434509290
434524206	435290307
435300820	435465515
435557192	436683168
436759020	436759028
436844759	437097670
437187925	438914838
439015927	439520415
439524673	439796235
439873800	439880073
439959291	440130297
440139306	440640487
440655727	441002880
441087961	441254774
441262350	441516442
441524168	442465168
442466825	443149178
443156837	443424991
443498329	443933944
443941784	444275974
444283860	444873861
444888677	445138022
445152754	445221829
445226471	445314243
445324697	445495749
445748037	446016026
446016871	446784321
446863825	446875551
447050528	447381836
447466769	448164033
448174239	448336936
448347070	448349102
448420372	448420381
448423133	448597461
448603493	448680660
448692715	448771245
448776498	448863017
448868271	449297712
449382825	449635208
449642346	449721955
449802230	450161464
450234810	450243465
450412872	450576158
450668898	450763101
450764455	451804137
451875017	451958618
451961296	451964941
451972427	452060838
452141916	452145062
452313757	452402958
452408582	452666433
452751901	452916077
453258990	453521818
453696830	453781700
453945967	455087937
455158232	455241677
455260228	455418264
455506988	456550753
456626095	456721784
456797295	456983065
456989475	457670485
457674719	457674724
457761077	457761085
457764915	458198383
458270259	458285077
458356518	458442892
458787873	458793102
458800839	458888574
458975154	458976284
459132477	459140231
459477983	459480825
459835810	460004429
460088679	460181195
460271273	460354227
460427642	460427650
460605324	460617455
460775892	461815357
461824470	461985122
461994082	462073450
462082834	462680714
462689472	462941164
462950415	463114501
463287574	463370251
463460366	463802428
463809162	464679167
464752531	465882808
466046866	466396863
466486994	466733154
466906543	466912870
466922210	467005936
467079627	467093228
467176214	467264609
467425353	467513149
467530281	467876089
468043093	470458801
470467086	470896645
470969004	472276562
472436419	472526399
472621854	472705711
472867297	472956576
473052445	475559557
475650510	476598885
476671878	477108783
477116544	477189266
477197587	478495720
478580428	478848733
478919609	479267345
479272536	479617281
479618128	479623775
479694144	479871738
480043006	480228527
480311532	480570954
480651410	480741337
480832529	481334559
481342413	483151782
483159611	483239835
483252786	483511007
483580939	483930022
484102859	485836897
485843167	486015563
486093579	486278557
486436731	486795910
487043021	487126726
487129508	487394636
487482797	487653052
487734056	487734060
487816632	487831813
487905121	488951451
488955270	488955278
489036539	489036547
489040669	489295391
489370878	489716949
489805177	490080209
490238102	490855692
491012946	491283690
491374109	491530631
491538528	491543765
491621385	492052338
492062692	492151933
492234981	492919002
493017722	493269111
493443621	493785741
493790187	494314704
494397384	494475989
494558312	495165368
495260725	495864386
495945046	495948555
496028028	496283393
496294045	496296491
496379587	496718078
496801227	496976758
496984353	497665740
497760920	497849078
498017534	498284370
498368387	498535785
498541315	498541322
498546477	498797631
498802910	498893913
498974153	499140648
499225667	499669553
499754208	500357437
500435768	502685585
502763518	504076852
504152678	504152687
504160047	504329130
504408471	504504609
504590923	504755266
504845136	505009209
505100503	507781572
507788404	507788413
507790100	508040718
508129261	508567095
508740964	509424911
509513026	509513035
509588567	509676541
509775901	510199300
510290648	510293408
510384317	510458156
510538593	510637021
510720054	511162535
511239672	511407916
511489772	511579010
511662790	511750899
511764543	511845163
511922984	512285032
512365932	512454302
512528759	512538681
512611366	512611375
512620163	512706519
512788644	512973445
513144324	513145525
513230862	514429990
514435296	514523683
514698045	514775624
514783418	514786080
514787082	515738063
515739885	519184029
519196699	519361100
519451042	519882844
519884477	520046010
520057419	520059141
520140994	520141003
520144817	520229291
520395264	520492125
520573093	520646905
520733218	520823143
520835800	521002450
521357586	521424453
521439622	521514143
521526893	521612862
521691174	521694846
521769740	522394488
522471448	523939348
524116719	527316941
527387842	527473807
527486785	527565498
527577888	528340722
528347689	528347698
528441819	532406732
532490356	533781932
533789594	534404038
535177347	535340054
535425537	535613475
535686951	536461920
536631447	537422174
537506648	537597673
538975550	539672925
539748023	540179724
540267229	540869367
540879660	540953002
540956778	541055111
541130616	541308443
541385100	541559594
541571084	541814687
542080766	542256787
542257193	542681403
542698335	543116849
543127218	543464217
543552310	544499246
544508442	544581811
544586450	544930248
545023471	545026243
545103217	545185289
545272191	545282006
545376969	545449292
545532228	545619933
545709505	547523248
547534525	547793582
547877576	547877584
547956001	548213377
548226147	548652965
550388011	550465083
550467818	550548665
550551438	551329886
551495608	552096295
552100469	552100478
552187085	552187093
552269286	552270800
552277866	552366761
552455062	552970726
553046659	553052613
553062058	553224540
553232345	553307842
553309517	553741920
553741920	553834757
553999737	554003878
554086286	554345910
554353244	555653158
555813836	556090691
556164128	556862707
556951296	558850236
558933112	561360857
561438578	561859602
561879314	562046795
562206774	563687892
563766238	564625245
564632659	564643227
564722534	566624376
566701233	566705657
566784228	566789437
566876640	566876649
567395341	567398462
567476403	567566197
567577447	567655327
567667976	567734643
567825362	567828676
567917977	567919645
567998784	568081382
568167264	568168553
568255392	568271195
568346311	568355736
568357595	568357604
568519266	568531306
568601881	568610542
568702188	568777546
568785898	569464147
569477540	569480555
569649024	569724668
569736564	569828100
569907647	570857899
570948792	571539010
571639050	571975788
572056234	572152319
572246357	572411259
572494471	572848027
573100215	573177605
573352510	573358404
573364726	574487779
574562726	574649919
574656183	574666328
574738174	574751862
574835800	574839585
574911919	575164801
575172681	575339544
575352548	575529046
575604699	575689537
575778330	575778339
575786062	575942601
576029276	576563728
576634482	576734199
576807606	576818642
576825606	576984758
576991489	577073490
577157668	577595487
577673920	578289476
578361955	578371468
578381649	578451659
578539796	578552902
578629608	578802543
578883707	578884770
578890804	578974317
578980451	578983233
579066841	580361944
580439929	580453750
580612713	580627444
580698721	580709187
580799138	581562297
581578376	581734018
581741771	581992580
582005419	582171444
582177087	583113756
583119115	583202605
583207906	583375531
583383515	583387972
583460349	583565015
583646113	583817061
583824253	584427901
584508489	585375825
585621103	585889023
585893272	585893280
585969413	585969422
585973583	587187390
587194784	587280847
587438430	588217347
588315100	588470490
588566784	589523817
589595641	589607546
589611754	589694852
589773437	589853258
589858910	589864300
589954825	590635869
590642880	590804112
590821845	590985608
591074568	591076350
591153181	591166111
591235280	591511922
591585233	592890737
592965900	592972103
593055164	593238907
593312386	593396144
593404068	593489887
593495470	593656426
593662461	593845666
593922528	593925333
593929223	594088216
594099473	594275740
594349076	594439045
594524598	595054494
595127928	595656680
595661947	595742052
595815568	595910394
595911379	596351215
596423686	597303541
597381172	597470040
597553943	598755102
598761548	598942591
599015162	599188781
599193922	599288668
599366512	599875314
599882595	600998400
600998400	601272288
601272288	601358242
601518913	602308543
602389003	602484077
602644709	602736254
602744114	602827533
602833020	602901385
602907055	602997799
603003911	603083495
603090430	603515382
603522144	604026811
604121933	604128793
604212497	604560060
604637835	604992926
605066131	605074122
605078324	605769878
605843984	606013125
606022197	606960505
606967089	607060719
607132844	607138053
607140836	607481072
607498706	607651308
607656403	609913311
609986860	611213663
611289151	611460649
611539322	611644247
611645576	611718964
611726709	611893501
611900849	611981675
612057682	612157076
612241032	612589876
612666922	612838899
612846700	613102366
613269206	613625381
613802313	613963067
614044933	614055370
614145163	614237508
614317176	614480425
614484752	614484760
614566020	614566029
614583282	614668828
614740678	614841482
614914149	614995253
615100168	615100176
615180485	615180494
615263975	615433594
615438565	615533978
615614838	615690301
615773736	615868178
616037488	616734777
616813190	616902048
617000926	617159971
617163428	617946770
618039489	618115996
618121294	618125550
618198999	618283736
618290514	618542407
618547505	618633739
618640555	620267607
620273450	620451509
620525763	621408070
621740003	621916205
621922365	622348082
622435367	622525152
623118814	623813478
623821246	624588306
624673065	624935979
624948527	625118706
625122474	625190438
625197687	625200963
625279904	625297124
625374893	625450579
625458335	625468931
625640029	625642748
625882483	625889790
625974553	626067430
626147342	626151534
626238635	626313828
626320931	626327563
626404696	626579025
626592792	626664731
626762156	627101961
627102807	627180291
627193257	627278710
627350436	627443043
627449881	627698838
627711640	628562128
628579371	628734678
628747013	628821258
628830432	628832559
628839107	629010318
629085365	629339657
629344903	629351832
629427527	629522974
629530560	629605900
629611499	629700963
629861374	629871893
629949383	630046515
630126892	630211450
630215642	630637959
630646864	630903224
630908388	630981277
630988299	631075583
631158912	631339991
631412064	632715895
632727396	632809152
632809152	632895684
632971182	632973324
632981192	633846245
633917892	633920613
633926581	633934334
634005126	634179517
634187603	634279033
634364543	634529846
634537552	634609024
634617082	634621344
634695337	634787902
634792199	634968444
635045590	635567501
635646026	635909283
635914860	635923293
635995024	636003809
636083126	636096277
636169560	636180052
636253195	636348567
636356091	637306733
637377202	637461336
637475176	637738601
637813035	637823180
637900205	638151436
638168002	638323205
638334823	638414036
638418346	638497909
638503018	638510152
638668967	638682789
638687438	638764898
638855064	639017028
639023084	639385955.184
