52515111	52517712	126.98297999	OBSERVING
52517712	52519528	126.98297999	OBSERVING
52519528	52521328	126.98297999	OBSERVING
52521328	52523128	126.98297999	OBSERVING
52523128	52524928	126.98297999	OBSERVING
52524928	52526728	126.98297999	OBSERVING
52526728	52528528	126.98297999	OBSERVING
52528528	52530328	126.98297999	OBSERVING
52530328	52533692	126.98297999	OBSERVING
52759105	52810500	126.98297999	OBSERVING
52810500	52827197	126.98297999	OBSERVING
52827197	52843037	126.98297999	OBSERVING
52843037	52854645	126.98297999	OBSERVING
55343426	55345797	126.985494305	OBSERVING
55345797	55347597	126.985494305	OBSERVING
55347597	55349398	126.985494305	OBSERVING
55349398	55351197	126.985494305	OBSERVING
55351197	55352997	126.985494305	OBSERVING
55352997	55354797	126.985494305	OBSERVING
55354797	55356597	126.985494305	OBSERVING
55356597	55358397	126.985494305	OBSERVING
55358397	55360197	126.985494305	OBSERVING
55360197	55361997	126.985494305	OBSERVING
55361997	55363798	126.985494305	OBSERVING
55363798	55365597	126.985494305	OBSERVING
55365597	55367398	126.985494305	OBSERVING
55367398	55369197	126.985494305	OBSERVING
55369197	55370997	126.985494305	OBSERVING
55370997	55372797	126.985494305	OBSERVING
55372797	55374597	126.985494305	OBSERVING
55374597	55376397	126.985494305	OBSERVING
55376397	55378197	126.985494305	OBSERVING
55378197	55379997	126.985494305	OBSERVING
55379997	55381797	126.985494305	OBSERVING
55381797	55383597	126.985494305	OBSERVING
55383597	55385398	126.985494305	OBSERVING
55385398	55387197	126.985494305	OBSERVING
55387197	55388997	126.985494305	OBSERVING
55388997	55390797	126.985494305	OBSERVING
55390797	55392597	126.985494305	OBSERVING
55392597	55394397	126.985494305	OBSERVING
55394397	55396197	126.985494305	OBSERVING
55396197	55397997	126.985494305	OBSERVING
55397997	55399798	126.985494305	OBSERVING
55399798	55401597	126.985494305	OBSERVING
55401597	55403397	126.985494305	OBSERVING
55403397	55405198	126.985494305	OBSERVING
55405198	55406997	126.985494305	OBSERVING
55406997	55408797	126.985494305	OBSERVING
55408797	55410597	126.985494305	OBSERVING
55410597	55412397	126.985494305	OBSERVING
55412397	55414197	126.985494305	OBSERVING
55414197	55415997	126.985494305	OBSERVING
55415997	55417797	126.985494305	OBSERVING
55417797	55419598	126.985494305	OBSERVING
55419598	55421397	126.985494305	OBSERVING
55421397	55423198	126.985494305	OBSERVING
55423198	55424997	126.985494305	OBSERVING
55424997	55426797	126.985494305	OBSERVING
55426797	55428597	126.985494305	OBSERVING
55428597	55430397	126.985494305	OBSERVING
55430397	55432197	126.985494305	OBSERVING
55432197	55433997	126.985494305	OBSERVING
55433997	55435797	126.985494305	OBSERVING
55435797	55437597	126.985494305	OBSERVING
55437597	55439397	126.985494305	OBSERVING
55439397	55441198	126.985494305	OBSERVING
55441198	55442997	126.985494305	OBSERVING
55442997	55444797	126.985494305	OBSERVING
55444797	55446597	126.985494305	OBSERVING
55446597	55448397	126.985494305	OBSERVING
55448397	55450197	126.985494305	OBSERVING
55450197	55451997	126.985494305	OBSERVING
55451997	55453797	126.985494305	OBSERVING
55453797	55455597	126.985494305	OBSERVING
55455597	55464597	126.985494305	OBSERVING
55464597	55465714	126.985494305	OBSERVING
55465714	55467469	126.985494305	OBSERVING
55467469	55468707	126.985494305	OBSERVING
55468707	55469783	126.985494305	OBSERVING
55470066	55488888	126.985494305	OBSERVING
57090638	57104574	126.98297999	OBSERVING
57214344	57245937	126.985494305	OBSERVING
61119702	61122233	126.985494305	OBSERVING
61122233	61124033	126.985494305	OBSERVING
61124033	61125832	126.985494305	OBSERVING
61125832	61127632	126.985494305	OBSERVING
61127632	61129432	126.985494305	OBSERVING
61129432	61131232	126.985494305	OBSERVING
61131232	61133033	126.985494305	OBSERVING
61133033	61134832	126.985494305	OBSERVING
61134832	61136633	126.985494305	OBSERVING
61136633	61138433	126.985494305	OBSERVING
61138433	61140233	126.985494305	OBSERVING
61140233	61142033	126.985494305	OBSERVING
61142033	61143832	126.985494305	OBSERVING
61143832	61145632	126.985494305	OBSERVING
61145632	61147432	126.985494305	OBSERVING
61147432	61149232	126.985494305	OBSERVING
61149232	61151033	126.985494305	OBSERVING
61151033	61152832	126.985494305	OBSERVING
61152832	61154683	126.985494305	OBSERVING
61154683	61156581	126.985494305	OBSERVING
61156581	61159204	126.985494305	OBSERVING
61962615	62013968	126.985494305	OBSERVING
65957880	65961734	126.985494305	OBSERVING
65988605	65994896	126.98297999	OBSERVING
65994896	66006361	126.98297999	OBSERVING
67077095	67108293	126.98297999	OBSERVING
84154415	84185915	126.985494305	OBSERVING
93025898	93028044	126.985494305	OBSERVING
93028044	93029554	126.985494305	OBSERVING
93029554	93031064	126.985494305	OBSERVING
93031064	93032574	126.985494305	OBSERVING
93032574	93034085	126.985494305	OBSERVING
93034085	93035594	126.985494305	OBSERVING
93035594	93037104	126.985494305	OBSERVING
93037104	93038614	126.985494305	OBSERVING
93038614	93040124	126.985494305	OBSERVING
93040124	93041634	126.985494305	OBSERVING
93041634	93043145	126.985494305	OBSERVING
93043145	93044654	126.985494305	OBSERVING
93044654	93046164	126.985494305	OBSERVING
93046164	93047674	126.985494305	OBSERVING
93047674	93049184	126.985494305	OBSERVING
93049184	93050694	126.985494305	OBSERVING
93050694	93052205	126.985494305	OBSERVING
93052205	93053714	126.985494305	OBSERVING
93053714	93055224	126.985494305	OBSERVING
93055224	93056734	126.985494305	OBSERVING
93056734	93058631	126.985494305	OBSERVING
95680392	95685811	126.985494305	OBSERVING
95685811	95701350	126.985494305	OBSERVING
95930804	95936910	126.98297999	OBSERVING
100484626	100494164	126.98297999	OBSERVING
111389163	111395263	126.98297999	OBSERVING
111451527	111462670	126.98297999	OBSERVING
112451730	112457532	126.985494305	OBSERVING
112457532	112473926	126.985494305	OBSERVING
126321775	126324321	126.985494305	OBSERVING
126324321	126334372	126.985494305	OBSERVING
128473397	128474943	126.985494305	OBSERVING
128474943	128476453	126.985494305	OBSERVING
128476453	128477963	126.985494305	OBSERVING
128477963	128479473	126.985494305	OBSERVING
128479473	128480983	126.985494305	OBSERVING
128480983	128482493	126.985494305	OBSERVING
128482493	128484003	126.985494305	OBSERVING
128484003	128485513	126.985494305	OBSERVING
128485513	128487023	126.985494305	OBSERVING
128487023	128488533	126.985494305	OBSERVING
128488533	128490043	126.985494305	OBSERVING
128490043	128491553	126.985494305	OBSERVING
128491553	128493063	126.985494305	OBSERVING
128493063	128494573	126.985494305	OBSERVING
128494573	128496083	126.985494305	OBSERVING
128496083	128497593	126.985494305	OBSERVING
128497593	128499103	126.985494305	OBSERVING
128499103	128500613	126.985494305	OBSERVING
128500613	128502123	126.985494305	OBSERVING
128502123	128503633	126.985494305	OBSERVING
128503633	128505697	126.985494305	OBSERVING
129357764	129363797	126.985494305	OBSERVING
132358768	132378518	126.98297999	OBSERVING
136052740	136091834	126.980465675	OBSERVING
143092226	143113814	126.98297999	OBSERVING
143841534	143844101	126.985494305	OBSERVING
143844101	143855520	126.985494305	OBSERVING
147114220	147119959	126.98297999	OBSERVING
159765797	159769470	126.98297999	OBSERVING
162293165	162294711	126.985494305	OBSERVING
162294711	162296222	126.985494305	OBSERVING
162296222	162297732	126.985494305	OBSERVING
162297732	162299241	126.985494305	OBSERVING
162299241	162300751	126.985494305	OBSERVING
162300751	162302261	126.985494305	OBSERVING
162302261	162303771	126.985494305	OBSERVING
162303771	162305281	126.985494305	OBSERVING
162305281	162306792	126.985494305	OBSERVING
162306792	162308301	126.985494305	OBSERVING
162308301	162309811	126.985494305	OBSERVING
162309811	162311321	126.985494305	OBSERVING
162311321	162312831	126.985494305	OBSERVING
162312831	162314342	126.985494305	OBSERVING
162314342	162315852	126.985494305	OBSERVING
162315852	162317361	126.985494305	OBSERVING
162317361	162318871	126.985494305	OBSERVING
162318871	162320381	126.985494305	OBSERVING
162320381	162321891	126.985494305	OBSERVING
162321891	162323401	126.985494305	OBSERVING
162323401	162325416	126.985494305	OBSERVING
164257300	164263318	126.98297999	OBSERVING
169389828	169410483	126.985494305	OBSERVING
175425163	175428510	126.985494305	OBSERVING
182947511	182954135	126.98297999	OBSERVING
183569799	183583488	126.98297999	OBSERVING
184779129	184799061	126.98297999	OBSERVING
185701346	185722937	126.98297999	OBSERVING
188309102	188312793	126.98297999	OBSERVING
195779987	195785705	126.98297999	OBSERVING
196627412	196647678	126.98297999	OBSERVING
206641053	206644303	126.98297999	OBSERVING
211493998	211496380	126.98297999	OBSERVING
211496380	211497925	126.98297999	OBSERVING
211497925	211498788	126.98297999	OBSERVING
215415949	215422343	126.98297999	OBSERVING
217777227	217779911	126.985494305	OBSERVING
217779911	217781320	126.985494305	OBSERVING
217781320	217782731	126.985494305	OBSERVING
217782731	217784141	126.985494305	OBSERVING
217784141	217785550	126.985494305	OBSERVING
217785550	217786961	126.985494305	OBSERVING
217786961	217788371	126.985494305	OBSERVING
217788371	217789781	126.985494305	OBSERVING
217789781	217791191	126.985494305	OBSERVING
217791191	217792600	126.985494305	OBSERVING
217792600	217794011	126.985494305	OBSERVING
217794011	217795421	126.985494305	OBSERVING
217795421	217796831	126.985494305	OBSERVING
217796831	217798241	126.985494305	OBSERVING
217798241	217799650	126.985494305	OBSERVING
217799650	217801061	126.985494305	OBSERVING
217801061	217802471	126.985494305	OBSERVING
217802471	217803880	126.985494305	OBSERVING
217803880	217805291	126.985494305	OBSERVING
217805291	217806700	126.985494305	OBSERVING
217806700	217808500	126.985494305	OBSERVING
225320246	225323795	126.985494305	OBSERVING
225807718	225827614	126.98297999	OBSERVING
229686446	229692703	126.98297999	OBSERVING
239875460	239878643	126.98297999	OBSERVING
244195584	244200356	126.98297999	OBSERVING
244200356	244201866	126.98297999	OBSERVING
244201866	244203376	126.98297999	OBSERVING
244203376	244204886	126.98297999	OBSERVING
244204886	244206395	126.98297999	OBSERVING
244206395	244207905	126.98297999	OBSERVING
244207905	244209416	126.98297999	OBSERVING
244209416	244210926	126.98297999	OBSERVING
244210926	244212436	126.98297999	OBSERVING
244212436	244213946	126.98297999	OBSERVING
244213946	244215506	126.98297999	OBSERVING
244667459	244669595	126.98297999	OBSERVING
244669595	244671155	126.98297999	OBSERVING
245256877	245259650	126.985494305	OBSERVING
245259650	245261159	126.985494305	OBSERVING
245261159	245263627	126.985494305	OBSERVING
245960358	245963228	126.98297999	OBSERVING
245971576	245973755	126.98297999	OBSERVING
245973755	245975265	126.98297999	OBSERVING
245975265	245976776	126.98297999	OBSERVING
245976776	245979324	126.98297999	OBSERVING
246436209	246442505	126.98297999	OBSERVING
250272085	250278753	129.980043829	OBSERVING
250278753	250284263	138.99134987	OBSERVING
250284263	250290650	141.98841371	OBSERVING
250376282	250382380	132.977107669	OBSERVING
250382380	250387925	135.994286031	OBSERVING
251417526	251424346	144.987991864	OBSERVING
251424346	251429983	147.982541389	OBSERVING
251429983	251436463	105.985932907	OBSERVING
251680827	251686814	123.985916151	OBSERVING
251686814	251692324	120.991366626	OBSERVING
251692324	251698968	81.9893076686	OBSERVING
251874899	251881493	117.994302787	OBSERVING
251881493	251887003	114.997238947	OBSERVING
251887003	251892513	111.980060586	OBSERVING
251892513	251898482	108.982996746	OBSERVING
253273447	253279776	78.9897295138	OBSERVING
253279776	253285286	75.9951799897	OBSERVING
253285286	253290796	72.9981161502	OBSERVING
253290796	253296306	69.9809377883	OBSERVING
253296306	253302929	126.98297999	OBSERVING
254582301	254586018	126.98297999	OBSERVING
256894373	256915269	126.98297999	OBSERVING
259450737	259456354	126.98297999	OBSERVING
270164100	270167471	126.98297999	OBSERVING
275167257	275171436	126.98297999	OBSERVING
275171436	275172946	126.98297999	OBSERVING
275172946	275174455	126.98297999	OBSERVING
275174455	275175965	126.98297999	OBSERVING
275175965	275177475	126.98297999	OBSERVING
275177475	275178986	126.98297999	OBSERVING
275178986	275180496	126.98297999	OBSERVING
275180496	275182006	126.98297999	OBSERVING
275182006	275183515	126.98297999	OBSERVING
275183515	275185025	126.98297999	OBSERVING
275185025	275186535	126.98297999	OBSERVING
275186535	275188045	126.98297999	OBSERVING
275188045	275189556	126.98297999	OBSERVING
275189556	275191066	126.98297999	OBSERVING
275191066	275192575	126.98297999	OBSERVING
275192575	275194085	126.98297999	OBSERVING
275194085	275195595	126.98297999	OBSERVING
275195595	275197106	126.98297999	OBSERVING
275197106	275198616	126.98297999	OBSERVING
275198616	275200125	126.98297999	OBSERVING
275200125	275202400	126.98297999	OBSERVING
277280933	277287321	126.98297999	OBSERVING
285210947	285217398	183.985022192	OBSERVING
285217398	285223013	180.992986983	OBSERVING
285223013	285228628	177.995923143	OBSERVING
285228628	285235351	174.998859304	OBSERVING
285406953	285413136	171.981680942	OBSERVING
285413136	285418645	168.984617103	OBSERVING
285418645	285424156	165.987553263	OBSERVING
285424156	285429665	162.990489424	OBSERVING
285429665	285435175	159.993425584	OBSERVING
285435175	285440686	156.996361745	OBSERVING
285440686	285446196	153.999297905	OBSERVING
285446196	285451705	150.982119543	OBSERVING
285451705	285457215	102.988869067	OBSERVING
285457215	285462725	99.9918052277	OBSERVING
285462725	285468921	96.9947413883	OBSERVING
285707873	285714677	93.9951632335	OBSERVING
285714677	285720187	90.9804991869	OBSERVING
285720187	285726592	87.9834353475	OBSERVING
285784167	285790543	84.986371508	OBSERVING
285790543	285797313	126.98297999	OBSERVING
289887573	289893464	126.98297999	OBSERVING
290693441	290696650	126.98297999	OBSERVING
296493403	296514008	126.98297999	OBSERVING
306421718	306425636	126.985494305	OBSERVING
306425636	306427146	126.985494305	OBSERVING
306427146	306428655	126.985494305	OBSERVING
306428655	306430166	126.985494305	OBSERVING
306430166	306431676	126.985494305	OBSERVING
306431676	306433186	126.985494305	OBSERVING
306433186	306434696	126.985494305	OBSERVING
306434696	306436206	126.985494305	OBSERVING
306436206	306437715	126.985494305	OBSERVING
306437715	306439226	126.985494305	OBSERVING
306439226	306440736	126.985494305	OBSERVING
306440736	306442246	126.985494305	OBSERVING
306442246	306443756	126.985494305	OBSERVING
306443756	306445266	126.985494305	OBSERVING
306445266	306446775	126.985494305	OBSERVING
306446775	306448286	126.985494305	OBSERVING
306448286	306449796	126.985494305	OBSERVING
306449796	306451306	126.985494305	OBSERVING
306451306	306452816	126.985494305	OBSERVING
306452816	306454325	126.985494305	OBSERVING
306454325	306456041	126.985494305	OBSERVING
321861642	321865093	126.98297999	OBSERVING
322753642	322759972	126.98297999	OBSERVING
325741179	325756272	126.98297999	OBSERVING
332157309	332160845	176.990197023	OBSERVING
332160845	332164434	76.9807915879	OBSERVING
337167346	337171141	126.98297999	OBSERVING
337171141	337172831	126.98297999	OBSERVING
337172831	337174520	126.98297999	OBSERVING
337174520	337176210	126.98297999	OBSERVING
337176210	337177901	126.98297999	OBSERVING
337177901	337179590	126.98297999	OBSERVING
337179590	337181280	126.98297999	OBSERVING
337181280	337182970	126.98297999	OBSERVING
337182970	337184661	126.98297999	OBSERVING
337184661	337186351	126.98297999	OBSERVING
337186351	337188041	126.98297999	OBSERVING
337188041	337189730	126.98297999	OBSERVING
337189730	337191420	126.98297999	OBSERVING
337191420	337193111	126.98297999	OBSERVING
337193111	337194800	126.98297999	OBSERVING
337194800	337196490	126.98297999	OBSERVING
337196490	337198180	126.98297999	OBSERVING
337198180	337199871	126.98297999	OBSERVING
337199871	337201561	126.98297999	OBSERVING
337201561	337203251	126.98297999	OBSERVING
337203251	337205002	126.98297999	OBSERVING
338233559	338236766	126.98297999	OBSERVING
338692470	338695586	126.98297999	OBSERVING
338732703	338736220	126.985494305	OBSERVING
338926542	338929693	126.98297999	OBSERVING
338973732	338976912	126.985494305	OBSERVING
341460772	341464008	126.98297999	OBSERVING
351104401	351106534	126.98297999	OBSERVING
351229624	351242071	126.98297999	OBSERVING
353163717	353167742	126.98297999	OBSERVING
355210226	355228089	126.98297999	OBSERVING
359994863	360007489	126.98297999	OBSERVING
363766069	363791575	126.985494305	OBSERVING
365452517	365455237	126.98297999	OBSERVING
365844007	365845841	126.98297999	OBSERVING
365845841	365847610	126.98297999	OBSERVING
365847610	365849418	126.98297999	OBSERVING
365849418	365851340	126.98297999	OBSERVING
369313545	369330878	126.980465675	OBSERVING
370195672	370199933	126.980465675	OBSERVING
370199933	370201443	126.980465675	OBSERVING
370201443	370202952	126.980465675	OBSERVING
370202952	370204463	126.980465675	OBSERVING
370204463	370205973	126.980465675	OBSERVING
370205973	370207483	126.980465675	OBSERVING
370207483	370208993	126.980465675	OBSERVING
370208993	370210503	126.980465675	OBSERVING
370210503	370212013	126.980465675	OBSERVING
370212013	370213523	126.980465675	OBSERVING
370213523	370215033	126.980465675	OBSERVING
370215033	370216543	126.980465675	OBSERVING
370216543	370218053	126.980465675	OBSERVING
370218053	370219563	126.980465675	OBSERVING
370219563	370221073	126.980465675	OBSERVING
370221073	370222583	126.980465675	OBSERVING
370222583	370224093	126.980465675	OBSERVING
370224093	370225603	126.980465675	OBSERVING
370225603	370227113	126.980465675	OBSERVING
370227113	370228622	126.980465675	OBSERVING
370228622	370230810	126.980465675	OBSERVING
385515119	385518404	126.98297999	OBSERVING
387452589	387465677	126.98297999	OBSERVING
389213692	389225733	126.98297999	OBSERVING
395524896	395528614	126.985494305	OBSERVING
397848368	397883714	126.98297999	OBSERVING
397883714	397923526	126.98297999	OBSERVING
398489986	398526793	126.985494305	OBSERVING
401769608	401771576	126.98297999	OBSERVING
401771576	401773087	126.98297999	OBSERVING
401773087	401774597	126.98297999	OBSERVING
401774597	401776107	126.98297999	OBSERVING
401776107	401777617	126.98297999	OBSERVING
401777617	401779127	126.98297999	OBSERVING
401779127	401780636	126.98297999	OBSERVING
401780636	401784147	126.98297999	OBSERVING
401784147	401785657	126.98297999	OBSERVING
401785657	401787167	126.98297999	OBSERVING
401787167	401788676	126.98297999	OBSERVING
401788676	401790186	126.98297999	OBSERVING
401790186	401791697	126.98297999	OBSERVING
401791697	401793207	126.98297999	OBSERVING
401793207	401794717	126.98297999	OBSERVING
401794717	401796227	126.98297999	OBSERVING
401796227	401797736	126.98297999	OBSERVING
401797736	401799247	126.98297999	OBSERVING
401799247	401800757	126.98297999	OBSERVING
401800757	401802267	126.98297999	OBSERVING
401802267	401803780	126.98297999	OBSERVING
408912333	408932048	126.98297999	OBSERVING
412234547	412316673	126.98297999	OBSERVING
416573645	416577720	126.985494305	OBSERVING
423163816	423175631	126.985494305	OBSERVING
424003842	424009742	126.985494305	OBSERVING
425141500	425148392	126.98297999	OBSERVING
426877293	426929310	51.9960404363	NEXT_IN_LINE
428270154	428273143	126.98297999	OBSERVING
432766096	432769409	126.98297999	OBSERVING
432769409	432770919	126.98297999	OBSERVING
432770919	432772429	126.98297999	OBSERVING
432772429	432773939	126.98297999	OBSERVING
432773939	432775449	126.98297999	OBSERVING
432775449	432776959	126.98297999	OBSERVING
432776959	432778469	126.98297999	OBSERVING
432778469	432779979	126.98297999	OBSERVING
432779979	432781489	126.98297999	OBSERVING
432781489	432783000	126.98297999	OBSERVING
432783000	432784509	126.98297999	OBSERVING
432784509	432786019	126.98297999	OBSERVING
432786019	432787529	126.98297999	OBSERVING
432787529	432789039	126.98297999	OBSERVING
432789039	432790549	126.98297999	OBSERVING
432790549	432792059	126.98297999	OBSERVING
432792059	432793569	126.98297999	OBSERVING
432793569	432795079	126.98297999	OBSERVING
432795079	432796589	126.98297999	OBSERVING
432796589	432798099	126.98297999	OBSERVING
432798099	432799612	126.98297999	OBSERVING
434476228	434497549	126.98297999	OBSERVING
435357612	435360517	126.98297999	OBSERVING
436310183	436313378	126.98297999	OBSERVING
437221965	437275126	51.9960404363	NEXT_IN_LINE
437452252	437474162	126.98297999	OBSERVING
438239951	438260716	126.985494305	OBSERVING
439083055	439104104	126.98297999	OBSERVING
439997240	440019181	126.98297999	OBSERVING
440754864	440775824	126.98297999	OBSERVING
440775824	440778991	126.98297999	OBSERVING
441523351	441535183	126.98297999	OBSERVING
445423826	445501486	146.976815268	OBSERVING
445889546	445910544	126.98297999	OBSERVING
446078588	446081912	126.98297999	OBSERVING
446796665	446817674	126.980465675	OBSERVING
448001915	448023137	126.985494305	OBSERVING
448692672	448695859	126.98297999	OBSERVING
450810760	450814739	126.98297999	OBSERVING
450814739	450891514	126.98297999	OBSERVING
454973438	454993846	126.98297999	OBSERVING
456189365	456240447	51.9960404363	NEXT_IN_LINE
456671467	456683332	126.98297999	OBSERVING
457119461	457123267	126.98297999	OBSERVING
461018436	461029711	126.98297999	OBSERVING
461953626	461965293	126.98297999	OBSERVING
465100127	465104361	126.98297999	OBSERVING
465104361	465105871	126.98297999	OBSERVING
465105871	465107382	126.98297999	OBSERVING
465107382	465108892	126.98297999	OBSERVING
465108892	465110401	126.98297999	OBSERVING
465110401	465111911	126.98297999	OBSERVING
465111911	465113422	126.98297999	OBSERVING
465113422	465114931	126.98297999	OBSERVING
465114931	465116442	126.98297999	OBSERVING
465116442	465117952	126.98297999	OBSERVING
465117952	465119461	126.98297999	OBSERVING
465119461	465120971	126.98297999	OBSERVING
465120971	465122482	126.98297999	OBSERVING
465122482	465123991	126.98297999	OBSERVING
465123991	465125502	126.98297999	OBSERVING
465125502	465127012	126.98297999	OBSERVING
465127012	465128521	126.98297999	OBSERVING
465128521	465130031	126.98297999	OBSERVING
465130031	465131542	126.98297999	OBSERVING
465131542	465133052	126.98297999	OBSERVING
465133052	465135265	126.98297999	OBSERVING
466257108	466260208	126.98297999	OBSERVING
472103823	472124937	126.98297999	OBSERVING
473336285	473339454	126.98297999	OBSERVING
478089589	478097244	126.980465675	OBSERVING
478267211	478298951	126.98297999	OBSERVING
478718737	478724840	126.980465675	OBSERVING
479150751	479154058	126.985494305	OBSERVING
479424115	479430264	126.98297999	OBSERVING
479430264	479436302	126.98297999	OBSERVING
479653664	479656699	126.98297999	OBSERVING
479886689	479892415	126.98297999	OBSERVING
480170589	480176407	126.98297999	OBSERVING
482283150	482289355	126.98297999	OBSERVING
482584300	482590719	126.98297999	OBSERVING
482959754	482965313	126.98297999	OBSERVING
483156918	483163443	126.98297999	OBSERVING
485144140	485149030	126.98297999	OBSERVING
485149030	485154304	126.98297999	OBSERVING
485589052	485595457	126.98297999	OBSERVING
487157414	487163400	126.98297999	OBSERVING
488452610	488464869	126.98297999	OBSERVING
489985221	489988491	126.985494305	OBSERVING
489988491	489994044	126.985494305	OBSERVING
490390086	490396446	126.98297999	OBSERVING
491270080	491275637	126.98297999	OBSERVING
494499432	494505259	126.98297999	OBSERVING
494975674	494981604	126.98297999	OBSERVING
494981604	494987520	126.98297999	OBSERVING
495732029	495736268	126.98297999	OBSERVING
495736268	495737778	126.98297999	OBSERVING
495737778	495739288	126.98297999	OBSERVING
495739288	495740798	126.98297999	OBSERVING
495740798	495742311	126.98297999	OBSERVING
495748397	495749949	126.985494305	OBSERVING
495749949	495751459	126.985494305	OBSERVING
495751459	495752969	126.985494305	OBSERVING
495752969	495754482	126.985494305	OBSERVING
495760568	495762120	126.985494305	OBSERVING
495762120	495763630	126.985494305	OBSERVING
495763630	495765140	126.985494305	OBSERVING
495765140	495767076	126.985494305	OBSERVING
495855338	495856890	126.985494305	OBSERVING
495856890	495858400	126.985494305	OBSERVING
495858400	495859910	126.985494305	OBSERVING
495859910	495861423	126.985494305	OBSERVING
495867509	495869061	126.985494305	OBSERVING
495869061	495870571	126.985494305	OBSERVING
495870571	495872081	126.985494305	OBSERVING
495872081	495873594	126.985494305	OBSERVING
496806981	496813339	126.98297999	OBSERVING
497227917	497257743	126.98297999	OBSERVING
497257743	497287709	126.98297999	OBSERVING
497795872	497802683	126.98297999	OBSERVING
497819799	497825872	126.98297999	OBSERVING
498433438	498463166	126.98297999	OBSERVING
498463166	498493770	126.98297999	OBSERVING
499594724	499599032	126.980465675	OBSERVING
499835818	499840125	126.980465675	OBSERVING
500109625	500113895	126.98297999	OBSERVING
503719223	503731118	126.98297999	OBSERVING
503731118	503768367	126.98297999	OBSERVING
503944425	503948314	126.98297999	OBSERVING
506049628	506061956	126.98297999	OBSERVING
508286981	508318435	126.98297999	OBSERVING
508920935	508923221	126.98297999	OBSERVING
508923221	508954640	126.98297999	OBSERVING
510106369	510138241	126.98297999	OBSERVING
512804795	512836666	126.98297999	OBSERVING
513332356	513375536	126.98297999	OBSERVING
513479429	513519352	126.98297999	OBSERVING
513727837	513770062	126.98297999	OBSERVING
513981851	514022088	126.98297999	OBSERVING
514124438	514166538	126.98297999	OBSERVING
514347637	514389197	126.98297999	OBSERVING
514834856	514838814	126.985494305	OBSERVING
515798930	515810434	126.98297999	OBSERVING
519764244	519767532	126.98297999	OBSERVING
519941788	519952672	126.98297999	OBSERVING
525800744	525826153	126.98297999	OBSERVING
527220183	527224335	126.98297999	OBSERVING
527224335	527225845	126.98297999	OBSERVING
527225845	527227355	126.98297999	OBSERVING
527227355	527228865	126.98297999	OBSERVING
527228865	527230375	126.98297999	OBSERVING
527230375	527231885	126.98297999	OBSERVING
527231885	527233395	126.98297999	OBSERVING
527233395	527234905	126.98297999	OBSERVING
527234905	527236415	126.98297999	OBSERVING
527236415	527237925	126.98297999	OBSERVING
527237925	527239435	126.98297999	OBSERVING
527239435	527240945	126.98297999	OBSERVING
527240945	527242455	126.98297999	OBSERVING
527242455	527243965	126.98297999	OBSERVING
527243965	527245475	126.98297999	OBSERVING
527245475	527246985	126.98297999	OBSERVING
527246985	527248495	126.98297999	OBSERVING
527248495	527250005	126.98297999	OBSERVING
527250005	527251515	126.98297999	OBSERVING
527251515	527253026	126.98297999	OBSERVING
527253026	527254538	126.98297999	OBSERVING
532919589	532930726	126.98297999	OBSERVING
540618969	540630933	126.98297999	OBSERVING
542221860	542228395	126.98297999	OBSERVING
542289896	542293396	126.98297999	OBSERVING
547358573	547370867	126.980465675	OBSERVING
548877437	548889680	126.98297999	OBSERVING
552590560	552593626	126.98297999	OBSERVING
559663884	559670106	126.98297999	OBSERVING
559670106	559671616	126.98297999	OBSERVING
559671616	559673126	126.98297999	OBSERVING
559673126	559674636	126.98297999	OBSERVING
559674636	559676146	126.98297999	OBSERVING
559676146	559677656	126.98297999	OBSERVING
559677656	559679166	126.98297999	OBSERVING
559679166	559680676	126.98297999	OBSERVING
559680676	559682186	126.98297999	OBSERVING
559682186	559683696	126.98297999	OBSERVING
559683696	559685206	126.98297999	OBSERVING
559685206	559686716	126.98297999	OBSERVING
559686716	559688226	126.98297999	OBSERVING
559688226	559689736	126.98297999	OBSERVING
559689736	559691246	126.98297999	OBSERVING
559691246	559692756	126.98297999	OBSERVING
559692756	559694266	126.98297999	OBSERVING
559694266	559695776	126.98297999	OBSERVING
559695776	559697286	126.98297999	OBSERVING
559697286	559698796	126.98297999	OBSERVING
559698796	559701365	126.98297999	OBSERVING
561985940	561997675	126.980465675	OBSERVING
566010519	566062056	51.9960404363	NEXT_IN_LINE
568408982	568412049	126.98297999	OBSERVING
568412049	568417323	126.98297999	OBSERVING
575400825	575407520	126.98297999	OBSERVING
583623959	583628560	126.98297999	OBSERVING
590770184	590776930	126.98297999	OBSERVING
590776930	590778631	126.98297999	OBSERVING
590778631	590780141	126.98297999	OBSERVING
590780141	590781651	126.98297999	OBSERVING
590781651	590783161	126.98297999	OBSERVING
590783161	590784671	126.98297999	OBSERVING
590784671	590786181	126.98297999	OBSERVING
590786181	590787691	126.98297999	OBSERVING
590787691	590789202	126.98297999	OBSERVING
590789202	590790711	126.98297999	OBSERVING
590790711	590792221	126.98297999	OBSERVING
590792221	590793731	126.98297999	OBSERVING
590793731	590795241	126.98297999	OBSERVING
590795241	590796751	126.98297999	OBSERVING
590796751	590798261	126.98297999	OBSERVING
590798261	590799771	126.98297999	OBSERVING
590799771	590801281	126.98297999	OBSERVING
590801281	590802791	126.98297999	OBSERVING
590802791	590804301	126.98297999	OBSERVING
590804301	590805811	126.98297999	OBSERVING
590805811	590807855	126.98297999	OBSERVING
591262428	591277602	51.9960404363	NEXT_IN_LINE
592855688	592868398	51.9960404363	NEXT_IN_LINE
