58768328	58809737	250.46603308	OBSERVING
85097113	85131848	-187.122887688	VFAINT
325194282	325296927	250.46603308	OBSERVING
445551573	445743054	250.46603308	OBSERVING
448435026	448446819	250.46603308	OBSERVING
449734632	449738600	250.46603308	OBSERVING
451864593	451886432	250.46603308	OBSERVING
451960367	451971917	250.463518765	OBSERVING
455243038	455321325	250.46603308	OBSERVING
455432342	455527450	250.46603308	OBSERVING
464866937	464871095	250.46603308	OBSERVING
464871095	464872605	250.46603308	OBSERVING
464872605	464874114	250.46603308	OBSERVING
464874114	464875624	250.46603308	OBSERVING
464875624	464877134	250.46603308	OBSERVING
464877134	464878644	250.46603308	OBSERVING
464878644	464880155	250.46603308	OBSERVING
464880155	464881664	250.46603308	OBSERVING
464881664	464883174	250.46603308	OBSERVING
464883174	464884684	250.46603308	OBSERVING
464884684	464886195	250.46603308	OBSERVING
464886195	464887704	250.46603308	OBSERVING
464887704	464889215	250.46603308	OBSERVING
464889215	464890724	250.46603308	OBSERVING
464890724	464892234	250.46603308	OBSERVING
464892234	464893744	250.46603308	OBSERVING
464893744	464895254	250.46603308	OBSERVING
464895254	464896764	250.46603308	OBSERVING
464896764	464898275	250.46603308	OBSERVING
464898275	464899784	250.46603308	OBSERVING
464899784	464901803	250.46603308	OBSERVING
473339454	473342656	250.46603308	OBSERVING
478912768	478935129	250.46603308	OBSERVING
479142954	479146178	250.46603308	OBSERVING
479146178	479147689	250.46603308	OBSERVING
479147689	479149199	250.46603308	OBSERVING
479149199	479150751	250.46603308	OBSERVING
479290038	479311858	250.46603308	OBSERVING
479656699	479658303	250.46603308	OBSERVING
479658303	479659913	250.46603308	OBSERVING
479659913	479661523	250.46603308	OBSERVING
479661523	479663133	250.46603308	OBSERVING
479663133	479664743	250.46603308	OBSERVING
479664743	479666353	250.46603308	OBSERVING
479666353	479667963	250.46603308	OBSERVING
479667963	479669573	250.46603308	OBSERVING
479669573	479671183	250.46603308	OBSERVING
479671183	479672794	250.46603308	OBSERVING
479672794	479674403	250.46603308	OBSERVING
479674403	479676013	250.46603308	OBSERVING
479676013	479677623	250.46603308	OBSERVING
479677623	479679251	250.46603308	OBSERVING
479679251	479700614	250.46603308	OBSERVING
479893589	479911264	250.46603308	OBSERVING
483581701	483635652	250.46603308	OBSERVING
483635652	483646490	250.46603308	OBSERVING
485012815	485044304	250.46603308	OBSERVING
487434589	487528031	250.46603308	OBSERVING
489023983	489034711	250.46603308	OBSERVING
489045440	489056167	250.46603308	OBSERVING
489066895	489077625	250.46603308	OBSERVING
489723915	489818012	250.46603308	OBSERVING
489981918	489985221	250.46603308	OBSERVING
490143115	490253912	250.46603308	OBSERVING
491327605	491429386	250.46603308	OBSERVING
494380968	494411891	250.46603308	OBSERVING
494505259	494575152	250.46603308	OBSERVING
495188339	495313385	250.46603308	OBSERVING
495742311	495743825	250.46603308	OBSERVING
495743825	495745334	250.46603308	OBSERVING
495745334	495746844	250.46603308	OBSERVING
495746844	495748397	250.46603308	OBSERVING
495754482	495755996	250.46603308	OBSERVING
495755996	495757505	250.46603308	OBSERVING
495757505	495759015	250.46603308	OBSERVING
495759015	495760568	250.46603308	OBSERVING
495844775	495849255	250.46603308	OBSERVING
495849255	495850765	250.46603308	OBSERVING
495850765	495852275	250.46603308	OBSERVING
495852275	495853785	250.46603308	OBSERVING
495853785	495855338	250.46603308	OBSERVING
495861423	495862936	250.46603308	OBSERVING
495862936	495864446	250.46603308	OBSERVING
495864446	495865956	250.46603308	OBSERVING
495865956	495867509	250.46603308	OBSERVING
495873594	495875107	250.46603308	OBSERVING
495875107	495876617	250.46603308	OBSERVING
495876617	495878127	250.46603308	OBSERVING
495878127	495880305	250.46603308	OBSERVING
496991014	497022531	250.46603308	OBSERVING
497494666	497511103	250.46603308	OBSERVING
498584865	498606073	250.46603308	OBSERVING
498831721	498853773	250.46603308	OBSERVING
498960584	498983746	250.46603308	OBSERVING
500406858	500459232	250.46603308	OBSERVING
502719382	502770884	250.46603308	OBSERVING
509459419	509492941	250.463518765	OBSERVING
509538013	509552252	250.463518765	OBSERVING
512584146	512606345	250.46603308	OBSERVING
513197451	513279077	250.46603308	OBSERVING
514822845	514834856	250.46603308	OBSERVING
519767532	519770044	250.46603308	OBSERVING
519770044	519771555	250.46603308	OBSERVING
519771555	519773211	250.46603308	OBSERVING
519773211	519774891	250.46603308	OBSERVING
520127836	520138568	250.46603308	OBSERVING
520149746	520160476	250.46603308	OBSERVING
520171658	520182383	250.46603308	OBSERVING
521221735	521246670	250.46603308	OBSERVING
521427979	521489993	250.46603308	OBSERVING
521665807	521717675	250.46603308	OBSERVING
527254538	527258051	250.46603308	OBSERVING
527258051	527259561	250.46603308	OBSERVING
527259561	527261072	250.46603308	OBSERVING
527261072	527262581	250.46603308	OBSERVING
527262581	527264091	250.46603308	OBSERVING
527264091	527265601	250.46603308	OBSERVING
527265601	527267111	250.46603308	OBSERVING
527267111	527268621	250.46603308	OBSERVING
527268621	527270131	250.46603308	OBSERVING
527270131	527271642	250.46603308	OBSERVING
527271642	527273151	250.46603308	OBSERVING
527273151	527274661	250.46603308	OBSERVING
527274661	527276171	250.46603308	OBSERVING
527276171	527277681	250.46603308	OBSERVING
527277681	527279192	250.46603308	OBSERVING
527279192	527280702	250.46603308	OBSERVING
527280702	527282211	250.46603308	OBSERVING
527282211	527283721	250.46603308	OBSERVING
527283721	527285231	250.46603308	OBSERVING
527285231	527286741	250.46603308	OBSERVING
527286741	527288672	250.46603308	OBSERVING
528354770	528357257	250.46603308	OBSERVING
534468095	534504488	250.46603308	OBSERVING
534674786	534722004	250.46603308	OBSERVING
541562608	541574774	250.46603308	OBSERVING
542692679	542762411	250.46603308	OBSERVING
548892967	548924897	250.463518765	OBSERVING
552171338	552181937	250.46603308	OBSERVING
552181937	552192446	250.46603308	OBSERVING
552192446	552203087	250.46603308	OBSERVING
552593626	552596139	250.46603308	OBSERVING
552596139	552597649	250.46603308	OBSERVING
552597649	552599161	250.46603308	OBSERVING
552599161	552601650	250.46603308	OBSERVING
561425798	561476339	250.46603308	OBSERVING
561691328	561694201	250.46603308	OBSERVING
561694201	561698286	250.46603308	OBSERVING
561698286	561699796	250.46603308	OBSERVING
561699796	561701307	250.46603308	OBSERVING
561701307	561702816	250.46603308	OBSERVING
561702816	561704327	250.46603308	OBSERVING
561704327	561705837	250.46603308	OBSERVING
561705837	561707346	250.46603308	OBSERVING
561707346	561708856	250.46603308	OBSERVING
561708856	561710367	250.46603308	OBSERVING
561710367	561711876	250.46603308	OBSERVING
561711876	561713387	250.46603308	OBSERVING
561713387	561714897	250.46603308	OBSERVING
561714897	561716406	250.46603308	OBSERVING
561716406	561717916	250.46603308	OBSERVING
561717916	561719427	250.46603308	OBSERVING
561719427	561720936	250.46603308	OBSERVING
561720936	561722447	250.46603308	OBSERVING
561722447	561723957	250.46603308	OBSERVING
561723957	561725466	250.46603308	OBSERVING
561725466	561726976	250.46603308	OBSERVING
561726976	561729177	250.46603308	OBSERVING
563136202	563140763	250.46603308	OBSERVING
568593941	568615657	250.463518765	OBSERVING
576616601	576637568	250.46603308	OBSERVING
584570402	584573526	250.46603308	OBSERVING
584573526	584575037	250.46603308	OBSERVING
584575037	584576548	250.46603308	OBSERVING
584576548	584578345	250.46603308	OBSERVING
585952450	585963178	250.46603308	OBSERVING
585974258	585984986	250.46603308	OBSERVING
589867857	589879107	250.46603308	OBSERVING
590940033	590944294	250.46603308	OBSERVING
590944294	590945804	250.46603308	OBSERVING
590945804	590947314	250.46603308	OBSERVING
590947314	590948824	250.46603308	OBSERVING
590948824	590950958	250.46603308	OBSERVING
590991714	590993846	250.463518765	OBSERVING
590993846	590995356	250.463518765	OBSERVING
590995356	590996866	250.463518765	OBSERVING
590996866	590998376	250.463518765	OBSERVING
590998376	590999886	250.463518765	OBSERVING
590999886	591001396	250.463518765	OBSERVING
591001396	591002906	250.463518765	OBSERVING
591002906	591004416	250.463518765	OBSERVING
591004416	591005926	250.463518765	OBSERVING
591005926	591007436	250.463518765	OBSERVING
591007436	591008946	250.463518765	OBSERVING
591008946	591010456	250.463518765	OBSERVING
591010456	591011966	250.463518765	OBSERVING
591011966	591013476	250.463518765	OBSERVING
591013476	591014985	250.463518765	OBSERVING
591014985	591017887	250.463518765	OBSERVING
614237485	614240316	250.46603308	OBSERVING
614522100	614532829	250.46603308	OBSERVING
614543567	614554294	250.46603308	OBSERVING
614565027	614575759	250.46603308	OBSERVING
614676359	614680299	250.46603308	OBSERVING
614756760	614760014	250.46603308	OBSERVING
614799944	614802543	250.46603308	OBSERVING
618559248	618581311	250.46603308	OBSERVING
620493903	620530259	250.46603308	OBSERVING
621838332	621842912	250.46603308	OBSERVING
621842912	621844506	250.46603308	OBSERVING
621844506	621846016	250.46603308	OBSERVING
621846016	621847526	250.46603308	OBSERVING
621847526	621849036	250.46603308	OBSERVING
621849036	621850546	250.46603308	OBSERVING
621850546	621852056	250.46603308	OBSERVING
621852056	621853566	250.46603308	OBSERVING
621853566	621855077	250.46603308	OBSERVING
621855077	621856586	250.46603308	OBSERVING
621856586	621858096	250.46603308	OBSERVING
621858096	621859606	250.46603308	OBSERVING
621859606	621861116	250.46603308	OBSERVING
621861116	621862626	250.46603308	OBSERVING
621862626	621864136	250.46603308	OBSERVING
621864136	621865646	250.46603308	OBSERVING
621865646	621867156	250.46603308	OBSERVING
621867156	621868666	250.46603308	OBSERVING
621868666	621870176	250.46603308	OBSERVING
621870176	621871907	250.46603308	OBSERVING
621871907	621874089	250.46603308	OBSERVING
