76813164	76813189
77246262	77246286
80182786	80182807
83212238	83212258
85036695	85036716
90379804	90379827
90981387	90981407
91768216	91768239
92290943	92290964
94109534	94109554
94958897	94958917
97469991	97470012
97723074	97723094
97899904	97899928
98846190	98846213
99375987	99376010
100569930	100569954
101007069	101007089
101788128	101788152
102043873	102043896
103173776	103173800
103953361	103953382
105078109	105078129
105583671	105583695
106363812	106363837
106805265	106805288
107150189	107150212
108783227	108783250
109733445	109733469
112073788	112073812
113019292	113019315
113110812	113110833
113357831	113357854
113371862	113371887
113707126	113707146
115176437	115176457
116573752	116573776
117261452	117261476
117684146	117684170
118645822	118645845
120628442	120628465
121824889	121824910
123482406	123482427
125037470	125037493
125895231	125895254
127275033	127275056
127531809	127531829
128140291	128140311
128567869	128567893
128736893	128736916
128910865	128910886
130481566	130481587
131600345	131600369
132799732	132799755
132979564	132979587
133242763	133242782
133500174	133500195
134698025	134698049
134963334	134963357
135927479	135927499
136177270	136177637
136440729	136440749
136952865	136952885
137136943	137136967
138072682	138072706
139122588	139122612
139282392	139282416
139631122	139631145
140330199	140330219
141280730	141280754
141527766	141527790
141698731	141698751
141882083	141882106
142229530	142229551
142475531	142475554
142656210	142656234
142911210	142911234
143350836	143350857
143952383	143952406
144212351	144212374
144292346	144292367
144911307	144911328
145152483	145152504
145603901	145603924
146809329	146809353
147493633	147493656
147935134	147935154
149565675	149565695
150170302	150170322
150432081	150432105
151120608	151120629
152601635	152601658
154926893	154926917
156049997	156050021
156742183	156742207
157256011	157256030
158119867	158119890
163134876	163134901
164263207	164263231
167111860	167111883
168153049	168153419
168483710	168483734
168655670	168655690
170470764	170470788
171160449	171160469
171347222	171347246
172113444	172113467
172455775	172456140
172542720	172542744
172560104	172560128
172727452	172727475
173233274	173233297
173933752	173933775
174615379	174615403
174634294	174634317
175047731	175047751
175923873	175924242
176272619	176272643
177051191	177051212
177304352	177304373
178088769	178088789
178250572	178250596
178507208	178507231
179377841	179377865
179810879	179810902
180840618	180840638
180941084	180941104
181790397	181790421
181959441	181959464
182132949	182132973
182393476	182393497
183007705	183007728
186286646	186286669
187401672	187401695
187584891	187584914
193625282	193625305
193800835	193800860
195801409	195801429
195963927	195963948
196131778	196131802
196302661	196302684
196925114	196925483
197516754	197516778
197701623	197701647
198556885	198556905
201315655	201315675
201753990	201754013
202093240	202093265
202532248	202532272
202699698	202699723
204951386	204951409
205036888	205036912
205218527	205218550
207965909	207965932
207976121	207976146
208225850	208225871
209531251	209531276
210660897	210660921
210917116	210917139
211180159	211180179
212977179	212977203
212986878	212987244
212993664	212993688
213239548	213239572
214543705	214543728
215236588	215236609
215401379	215401399
215828369	215828393
217561536	217561560
217819208	217819231
218002847	218002867
218086123	218086147
218253712	218253736
219371618	219371641
221098534	221098554
222918964	222918985
224385529	224385553
225595853	225595873
225860479	225860844
226120286	226120310
226990326	226990349
228366452	228366476
228711420	228711441
228963595	228963620
232172476	232172499
232417919	232417939
232689991	232690012
234064722	234064746
234672037	234672061
234922917	234922940
235198315	235198340
236049485	236049509
236233249	236233273
237004989	237005009
237436161	237436182
237687532	237687552
237702956	237702980
238130584	238130604
239682706	239682727
239690189	239690210
239939006	239939029
240198429	240198448
240372766	240372786
240459888	240459911
240643159	240643182
240900610	240900630
241752522	241752542
242277994	242278018
242961988	242962011
244095884	244095908
244776620	244776644
244962179	244962200
245208518	245208542
246075885	246075909
246328588	246328611
246591768	246591789
246678079	246678102
247018883	247018906
247714161	247714185
247801278	247801301
247893941	247893965
247973634	247973654
248147072	248147093
248847080	248847104
249360899	249360923
249628800	249628824
249783535	249783558
249792828	249792849
249875963	249875984
249969131	249969155
250402134	250402157
250491236	250491261
250822246	250822269
252046257	252046280
252297919	252297940
252471222	252471245
252989785	252989805
253504660	253504680
253947874	253947895
254198507	254198531
254546566	254546586
254633381	254633401
255054755	255054779
255761403	255761427
256177317	256177340
257130116	257130135
257312232	257312256
257924151	257924175
258773679	258774048
259376701	259376725
259463107	259463127
260153072	260153095
260761527	260761551
261120976	261120996
261282284	261282304
261540837	261540861
261708385	261708408
262231009	262231033
263535690	263535710
263962825	263962846
264134357	264134377
264400928	264401297
264655525	264655549
266213971	266213990
266548478	266548501
267077511	267077532
267243436	267243459
267423008	267423028
267860056	267860081
268205084	268205105
268369193	268369213
268540030	268540051
268624965	268624989
269147441	269147466
269492317	269492340
269932107	269932128
270441141	270441507
271402704	271402725
271741876	271741896
271746489	271746510
272177498	272177521
272352017	272352041
276062949	276062973
276750825	276750849
276829316	276829336
277003985	277004009
277172973	277172997
277693076	277693100
279084149	279084170
281060426	281060447
281159662	281159685
281246251	281246275
281497647	281497667
281507246	281507266
281760812	281760832
282374504	282374527
282885705	282885725
283219539	283219563
284015143	284015163
285213541	285213565
286856118	286856141
287038326	287038349
287894339	287894359
288768311	288768681
289280316	289280337
289961338	289961358
290060493	290060517
290148127	290148492
290312688	290312711
290565960	290565983
290660472	290660841
290746490	290746511
290838197	290838220
291089748	291089768
291341072	291341095
291442218	291442238
291692743	291692764
293158821	293158840
295245505	295245528
295420646	295420669
295749406	295749429
295852111	295852134
298181488	298181511
299121259	299121279
299211080	299211101
299382422	299382447
300430540	300430564
300513492	300513513
300516577	300516601
300758616	300758637
300770698	300770722
301371350	301371375
301899151	301899174
302751105	302751125
303440767	303441133
304218326	304218349
304402113	304402133
304820406	304820429
304914564	304914588
305951906	305951930
308206300	308206323
308545670	308545695
311480277	311480644
312786554	312786577
313375040	313375409
319682239	319682605
320285192	320285215
323655531	323655552
323829239	323829260
324692437	324692457
324962812	324962835
324968918	324968943
325394500	325394524
326609679	326609699
327648093	327648113
327899236	327899259
331272697	331272720
331434913	331434936
331609476	331609499
331691416	331691436
331789824	331789844
332560058	332560082
335664358	335664381
335849901	335849925
336114560	336114580
336807530	336807550
337059491	337059512
340433422	340433446
340954293	340954316
342244586	342244607
342329331	342329354
342501334	342501701
342593299	342593318
342768112	342768132
342849285	342849309
343354483	343354503
343443729	343443752
343714054	343714078
343966500	343966523
344313664	344313688
344393920	344393944
344407302	344407325
344662102	344662123
344829357	344829381
345010298	345010322
345092124	345092144
345255553	345255577
345442048	345442072
345699663	345699683
346039948	346039969
346218037	346218057
346297362	346297387
346387218	346387243
346483882	346483903
346639825	346639846
346904285	346904652
347330047	347330068
347516495	347516518
347850888	347850911
348116074	348116098
348200805	348200825
348371021	348371042
348540272	348540296
348638335	348638701
348725368	348725392
348809034	348809054
349075876	349075899
349146281	349146300
350615764	350615787
351834973	351834998
352172884	352172908
352272804	352272828
352425894	352425914
352525107	352525128
353295001	353295021
353563561	353563584
353653483	353653503
354595372	354595393
354846532	354846555
355033196	355033217
355285027	355285052
355381725	355381746
355722920	355722944
356664696	356664717
356756911	356756931
357102832	357102857
357800073	357800097
358482398	358482422
358653808	358654178
359528721	359528744
360119937	360119960
362451933	362451957
362628942	362628966
363244741	363244766
368599976	368600000
368763255	368763279
369971086	369971109
370669074	370669098
371613481	371613504
371960003	371960027
372902736	372902757
373007933	373007956
373339707	373339730
373440769	373440793
374474882	374474905
374907870	374907893
375513625	375513645
376015576	376015601
376201507	376201528
377751513	377751534
377835280	377835300
377933751	377933775
378352005	378352029
378538320	378538343
378790779	378790802
378958532	378958557
379042013	379042036
379210014	379210035
379228169	379228189
379396605	379396625
379480207	379480230
379816440	379816461
380171544	380171564
380423062	380423082
381991106	381991129
382074852	382074875
382410808	382410833
382426542	382426566
383539618	383539987
384826898	384826921
384920641	384920662
385002021	385002041
385171235	385171256
386123521	386123544
387598522	387598543
388030180	388030204
388205832	388205855
388457480	388457503
388732905	388732928
388895407	388895431
392093131	392093155
393472565	393472585
393724994	393725018
394164578	394164601
394592707	394592732
395367534	395367557
396154777	396154801
396321476	396321501
396844232	396844255
397008183	397008203
397189528	397189548
397365333	397365700
397632259	397632279
400650783	400650808
400897205	400897229
401070160	401070530
401243572	401243595
402024799	402024819
402111666	402111686
402198387	402198411
404274474	404274494
406091327	406091347
406684931	406684952
407549961	407549984
408075937	408075960
408340280	408340304
408585651	408585672
409726532	409726556
410670756	410670780
413256517	413256542
413783864	413783885
414303159	414303183
415336205	415336225
415591080	415591104
415757769	415757789
416376542	416376566
416986570	416986594
417144025	417144395
417331190	417331210
417576465	417576489
419225795	419225815
419310738	419310762
419571759	419571779
419740810	419740834
419823009	419823029
419921775	419922145
420257401	420257422
420351984	420352004
420615548	420615569
420778681	420778704
421808528	421808551
421988990	421989014
423548814	423548838
425005266	425005291
426055249	426055270
426212111	426212135
426228480	426228500
426307545	426307565
427782358	427782379
427945433	427945457
428129697	428129721
428549590	428549610
429070642	429070663
429243429	429243452
430706155	430706179
430887636	430887657
430974910	430974933
431060851	431060875
432957390	432957411
433054229	433054252
433399914	433399934
433647184	433647208
434255976	434255999
434509290	434509310
435290307	435290330
435465515	435465539
436759028	436759051
438914838	438914861
439520415	439520439
439796235	439796256
439880073	439880096
440130297	440130320
440640487	440640511
441002880	441002900
441516442	441516462
443149178	443149198
443424991	443425012
443933944	443933968
444275974	444275997
444873861	444873885
445138022	445138045
445221829	445221852
445314243	445314267
446016026	446016049
446784321	446784345
446875551	446875575
447381836	447381857
448164033	448164054
448336936	448336956
448349102	448349122
448597461	448597485
448680660	448680681
448771245	448771269
448863017	448863037
449297712	449297732
449635208	449635229
449721955	449721980
450243465	450243485
450576158	450576183
452060838	452060862
452145062	452145086
452402958	452402982
452666433	452666457
452916077	452916101
453521818	453521839
453781700	453781720
455087937	455087958
456550753	456550777
456721784	456721807
457670485	457670506
457761085	457761105
458198383	458198406
458285077	458285100
458442892	458442913
458793102	458793125
458888574	458888598
458976284	458976303
459140231	459140255
459480825	459480845
460004429	460004452
460181195	460181219
460427650	460427673
460617455	460617479
461815357	461815381
461985122	461985146
462073450	462073474
462680714	462680737
462941164	462941188
463114501	463114524
463370251	463370271
463802428	463802451
464679167	464679187
465882808	465882833
466396863	466396888
466396881	466396888
466733154	466733174
466912870	466912893
467005936	467005957
467093228	467093253
467264609	467264630
467513149	467513169
467876089	467876109
472276562	472276582
472526399	472526423
472705711	472705732
472956576	472956600
475559557	475559580
477108783	477108804
477189266	477189287
478495720	478495740
480228527	480228550
480570954	480570979
480741337	480741706
483239835	483239858
483511007	483511027
483930022	483930046
485836897	485836921
486015563	486015586
486278557	486278582
486795910	486795934
487126726	487126747
487734060	487734084
488951451	488951471
489036547	489036567
489295391	489295411
490855692	490855716
491543765	491543788
492052338	492052358
492151933	492151957
492919002	492919026
493269111	493269135
495864386	495864409
495948555	495948575
496283393	496283416
496296491	496296515
496718078	496718101
497665740	497665764
497849078	497849098
498284370	498284390
498535785	498535806
499140648	499140671
499669553	499669573
504152687	504152711
507781572	507781596
508040718	508040738
508567095	508567119
509513035	509513054
509676541	509676565
510199300	510199321
510637021	510637042
511162535	511162558
511407916	511407936
511579010	511579033
511750899	511750919
511845163	511845187
512454302	512454326
512611375	512611398
514429990	514430010
514523683	514523707
519184029	519184050
519361100	519361123
520046010	520046034
520141003	520141023
520229291	520229314
520492125	520492145
520646905	520647275
520823143	520823167
521002450	521002474
521514143	521514167
521694846	521694867
522394488	522394508
523939348	523939368
527316941	527316964
527473807	527473827
527565498	527565521
528347698	528347719
532406732	532406755
533781932	533781952
535088637	535088661
535340054	535340079
535613475	535613498
536461920	536461920
537422174	537422198
537597673	537597693
538723434	538723458
539672925	539672944
540179724	540179747
540869367	540869382
540953002	540953022
541055111	541055134
541308443	541308464
541559594	541559617
542074589	542074613
543116849	543116873
543464217	543464237
544499246	544499266
544581811	544581830
544930248	544930271
545026243	545026262
545185289	545185308
545282006	545282031
545449292	545449312
545619933	545619953
547523248	547523271
547793582	547793602
548652965	548652988
550384805	550384826
550465083	550465106
550548665	550548689
551329886	551329909
552096295	552096315
552187093	552187113
552270800	552270823
552366761	552366781
552970726	552970750
553052613	553052633
553224540	553224560
553307842	553308211
553741920	553741920
553834757	553834777
554003878	554003902
554345910	554345933
555653158	555653178
556090691	556090715
556862707	556862726
558850236	558850259
561859602	561859625
562046795	562046818
566624376	566624395
566789437	566789461
567318841	567318862
567566197	567566217
567655327	567655347
567734643	567734663
567828676	567828699
567919645	567919668
568081382	568081382
568168553	568168572
568271195	568271211
568357604	568357623
568610542	568610496
568777546	568777569
569464147	569464171
569480555	569480578
569724668	569724687
569828100	569828123
570857899	570857918
571539010	571539034
571975788	571975812
572152319	572152339
572411259	572411275
572848027	572847552
573177605	573177628
573358404	573358428
574487779	574487799
574649919	574649944
574666328	574666352
574751862	574751885
574839585	574905618
575164801	575164822
575339544	575339563
575689537	575689560
575942601	575942624
576734199	576734223
576818642	576818663
576984758	576984782
577073490	577073510
577595487	577595511
578289476	578289500
578371468	578371489
578451659	578451682
578552902	578552925
578802543	578802563
578884770	578884790
578974317	578974341
578983233	578983256
580361944	580361968
580453750	580453770
580627444	580627468
580709187	580709210
581562297	581562317
581992580	581992604
582171444	582171464
583113756	583113776
583202605	583202629
583375531	583375550
583387972	583387993
583817061	583817081
585375825	585375848
585889023	585889047
585969422	585969443
587187390	587187413
587280847	587280871
588217347	588217370
588470490	588470514
589523817	589523840
589607546	589607566
589694852	589694872
589864300	589864321
590635869	590635889
590804112	590804135
590985608	590985628
591076350	591076373
591166111	591166134
591511922	591511943
592972103	592972127
593238907	593238930
593396144	593396168
593489887	593490253
593656426	593656450
593845666	593845689
593925333	593925699
594088216	594088236
594275740	594275763
594439045	594439068
595054494	595054515
597303541	597303565
597470040	597470060
599188781	599188804
601358242	601358265
602736254	602736278
604026811	604026834
604128793	604128813
606960505	606960874
607060719	607061089
607138053	607138074
607481072	607481096
609913311	609913336
611718964	611718984
611893501	611893521
611981675	611981698
612157076	612157099
613102366	613102386
613625381	613625401
613963067	613963088
614055370	614055394
614237508	614237528
614480425	614480448
614566029	614566053
614668828	614668851
614841482	614841505
615100176	615100196
615433594	615433615
615533978	615600011
615690301	615690325
615868178	615868199
616734777	616734798
616902048	616902048
617159971	617159995
617946770	617946791
618115996	618116016
618283736	618283759
618633739	618633759
620267607	620267632
621408070	621408093
621916205	621916228
622348082	622348103
622525152	622525176
623041144	623041168
623813478	623813498
624588306	624588331
624935979	624935999
625118706	625118726
625190438	625190462
625200963	625200986
625297124	625297148
625450579	625450603
625468931	625468955
625642748	625642768
625889790	625889811
626067430	626067451
626151534	626151557
626313828	626313853
626327563	626327582
626579025	626579049
626664731	626664751
627278710	627278733
627443043	627443066
627698838	627698861
628562128	628562152
628734678	628734701
628821258	628821278
629522974	629522998
629605900	629605920
629871893	629871916
630046515	630046538
630211450	630211470
631075583	631075606
631339991	631340357
634968444	634968464
637306733	637306757
637461336	637461360
637738601	637738621
637823180	637823204
638151436	638151456
638323205	638323228
638414036	638414059
638510152	638510173
638682789	638682809
638764898	638764922
639017028	639017048
