81997463	81997983
86231687	86231822
86590315	86590422
88579407	88579520
90906775	90906903
92368091	92368533
95482009	95482491
96007874	96007984
98505082	98505540
101278980	101279077
102913987	102914049
105077426	105077452
108790162	108790563
108961902	108961955
110946495	110946555
111034446	111034498
112337438	112337464
112581234	112581259
113460008	113460033
114065353	114065380
118464192	118464218
118893513	118893539
123137784	123138155
123297478	123297504
123397622	123397648
123555824	123555849
125643963	125643988
126147840	126147866
126159145	126159171
127713024	127713049
128236957	128236983
131673980	131674006
134008370	134008396
134452581	134452607
137808173	137808199
139538750	139538776
140152128	140152153
141702975	141703000
141710040	141710066
141969043	141969068
143703430	143703456
145777097	145777123
150163213	150163238
150257700	150257725
151977691	151977716
155007002	155007028
155367266	155367292
155883334	155883359
157002956	157002982
157178468	157178494
159756436	159756462
164427305	164427331
165285422	165285794
168916816	168917188
169102342	169102367
169277567	169277593
169363174	169363200
169534980	169535005
169690698	169690723
169781323	169781349
170917406	170917431
171599397	171599423
172288989	172289015
172806117	172806143
173417138	173417164
173940605	173940631
174892118	174892144
175305981	175306006
180576036	180576062
180855531	180855557
181098040	181098065
182318113	182318138
186644053	186644075
187927122	187927148
188276048	188276074
188278657	188278682
188354768	188354793
190178508	190178533
194231011	194231037
194314662	194314685
195179405	195179428
195362628	195362654
197009411	197009437
198807759	198808130
200024073	200024098
200201797	200201822
200374839	200374864
202443962	202443988
204165434	204165805
204339019	204339049
204524399	204524425
204959156	204959181
205980704	205981075
206596267	206596293
209870112	209870138
210051423	210051449
210403478	210403503
210729699	210729725
213498254	213498280
217488295	217488321
219380048	219380073
222830823	222830849
223529994	223530020
223695857	223695883
225262495	225262521
228620933	228620959
229914818	229914844
230169809	230169835
230358401	230358427
230966453	230966480
231470154	231470179
232346310	232346336
232849737	232849763
232861944	232861967
233382142	233382168
233811750	233811776
233981694	233981720
238992968	238992994
239504475	239504500
239852891	239852917
241248119	241248129
241505515	241505541
243478762	243478787
244602249	244602275
245135439	245135810
245212722	245212748
247036928	247036953
247115667	247115693
247289259	247289285
247367927	247367952
250906006	250906032
251006173	251006199
251181579	251181605
251426665	251426691
253850470	253850496
254545702	254545728
255237998	255238025
255835872	255835898
256190008	256190034
258509858	258509885
258614642	258614667
259556108	259556134
260340959	260340985
260496933	260496959
260589463	260589489
260683783	260683808
261893187	261893213
262157653	262157675
262838736	262838762
263088372	263088397
264913229	264913254
265776327	265776353
268543724	268543753
268709663	268709689
270104779	270104805
270536685	270536711
271305879	271305905
272598362	272598388
273724113	273724138
273976347	273976372
274075887	274075913
277878836	277878862
282968929	282968954
283319504	283319529
284535073	284535098
285731254	285731280
287641242	287641268
288144260	288144285
289531692	289531717
289787616	289787642
290231511	290231537
290660015	290660040
292985962	292985989
293597656	293597681
297308476	297308501
300762871	300762897
303454462	303454488
303698999	303699024
304317279	304317304
305258322	305258347
305351830	305351856
305515679	305515706
305695559	305695585
305857255	305857281
305961783	305961808
306134289	306134314
306293610	306293635
306902762	306902784
307161721	307161747
308455207	308455232
310962320	310962346
315110460	315110486
316922601	316922626
317360524	317360550
321844695	321844720
325139920	325139946
326082744	326083115
326948996	326949022
327284154	327284180
328153657	328153683
330835968	330835990
331100709	331100734
331353644	331353669
334032803	334032828
337998106	337998131
338185355	338185380
338439492	338439517
338689297	338689323
338876804	338876829
339046813	339046838
339740784	339740805
339998992	339999017
345958094	345958115
346383027	346383052
346569826	346569851
346823815	346823841
347953005	347953030
348456427	348456448
348543946	348543971
348799824	348799846
350959462	350959487
353127620	353127645
353726802	353726823
356749248	356749273
359862136	359862161
367645074	367645100
369023543	369023914
370231373	370231398
370580074	370580099
370848035	370848060
371540238	371540264
372474307	372474332
372733513	372733535
374029456	374029481
374719647	374719672
374906043	374906068
374993309	374993334
375243045	375243071
376794196	376794221
376982324	376982349
377241011	377241037
377672669	377672694
377756614	377756639
377921586	377921611
378011450	378011475
378173760	378173785
380606232	380606257
381302348	381302374
381458750	381458776
381636016	381636042
381806965	381806987
382502513	382502539
384831270	384831295
385009237	385009261
385450499	385450524
386227327	386227349
386311933	386311958
386469163	386469188
388204135	388204160
388817582	388817604
393294973	393294998
395112765	395112790
397196700	397196724
397373087	397373112
397884116	397884141
398055577	398055601
398583430	398583455
402714029	402714051
405495367	405495391
405658398	405658423
406258462	406258486
406433515	406433541
406525466	406525836
406701330	406701354
407388386	407388411
409203405	409203431
409970601	409970623
414217317	414217342
415427955	415427979
415673381	415673403
415930916	415930940
416543389	416543413
416622694	416622718
419049764	419049789
420183169	420183193
420861625	420861650
421046486	421046511
423888915	423888936
424054675	424054700
424743714	424743739
425268835	425268856
425450337	425450362
425619449	425619474
426130497	426130867
436683168	436683193
437097670	437097695
441254774	441254799
442465168	442465192
445495749	445495770
448420381	448420402
450161464	450161489
450763101	450763125
451804137	451804161
451958618	451958642
451964941	451964962
455241677	455241699
455418264	455418289
456983065	456983435
457674724	457674749
460354227	460354251
470458801	470458825
470896645	470896670
476598885	476598905
478848733	478848754
479267345	479267715
479617281	479617651
479623775	479623796
479871738	479871763
481334559	481334584
483151782	483151806
487394636	487394661
487653052	487653076
487831813	487831837
488955278	488955299
489716949	489716973
490080209	490080233
491283690	491283715
491530631	491530654
493785741	493785765
493785759	493785765
494314704	494314724
494475989	494476013
495165368	495165392
496976758	496977125
498541322	498541343
498797631	498797656
498893913	498893934
500357437	500357462
502685585	502685606
504076852	504076876
504329130	504329150
504504609	504504629
504755266	504755289
505009209	505009209
507788413	507788433
509424911	509424935
510293408	510293429
510458156	510458175
512285032	512285052
512538681	512538704
512706519	512706544
512973445	512973469
513145525	513145545
514775624	514775645
514786080	514786100
515738063	515738087
519882844	519882867
520059141	520059165
521424453	521424477
521612862	521613228
528340722	528340745
534404038	534404062
541814687	541814711
542256787	542256811
542681403	542681429
547877584	547877954
548213377	548213400
552100478	552100502
561360857	561360881
563687892	563687917
564625245	564625264
564643227	564643251
566705657	566705681
566876649	566876673
567398462	567398486
568355736	568355757
568531306	568531033
575529046	575529416
575778339	575778363
576563728	576563749
581734018	581734043
583565015	583565036
584427901	584427921
585893280	585893304
589853258	589853279
592890737	592890757
595656680	595656703
595742052	595742076
595910394	595910418
596351215	596351239
598755102	598755469
598942591	598942962
599288668	599288691
599875314	599875339
600998400	600998400
601272288	601272288
602308543	602308565
602484077	602484101
602827533	602827557
602901385	602901413
602997799	602997822
603083495	603083519
603515382	603515405
604560060	604560084
604992926	604992950
605074122	605074142
605769878	605769903
606013125	606013147
607651308	607651333
611213663	611213688
611460649	611460673
611644247	611644618
612589876	612589897
612838899	612838919
614484760	614484785
614995253	614995277
615180494	615180515
618125550	618125571
618542407	618542430
620451509	620451534
627101961	627101985
627180291	627180315
628832559	628832579
629010318	629010343
629339657	629339677
629351832	629351856
629700963	629700984
630637959	630637983
630903224	630903249
630981277	630981302
632715895	632715919
632809152	632809152
632895684	632895709
632973324	632973348
633846245	633846266
633920613	633920637
633934334	633934358
634179517	634179538
634279033	634279057
634529846	634529871
634609024	634609048
634621344	634621369
634787902	634787923
635567501	635567525
635909283	635909307
635923293	635923313
636003809	636003830
636096277	636096301
636180052	636180076
636348567	636348592
638497909	638497930
