76914249	76914283
77330825	77330950
77415535	77416189
77848495	77848604
78365009	78365174
78453328	78453352
80715778	80715799
83739030	83739053
85805631	85805655
90726307	90726327
91069444	91069465
91942753	91942776
92367866	92367890
94957206	94957229
94966664	94966684
97640684	97640705
97810304	97810324
98342307	98342330
98854983	98855004
99880207	99880227
100918977	100918997
101193834	101193858
101952254	101952279
102573495	102573519
103606787	103606810
104121957	104121980
105078255	105078276
106026887	106026910
106366525	106366550
107068119	107068144
107233805	107233826
108789981	108790001
110420204	110420228
112076658	112076682
113021943	113021967
113195312	113195336
113365535	113365555
113374556	113374576
113981872	113981897
115191221	115191244
116899601	116899625
117431512	117431537
118199537	118199558
118719159	118719183
120789170	120789191
121912337	121912361
123555793	123555814
125472786	125472805
125972985	125973008
127284800	127284821
127712645	127712666
128220221	128220244
128570284	128570305
128738843	128738863
129183037	129183061
130559095	130559118
131673947	131673967
132806521	132806542
133231619	133231643
133321498	133321519
133840029	133840050
134798018	134798042
135062661	135062684
136004904	136004927
136265918	136265941
136513809	136513832
137030909	137031276
137474612	137474636
138166668	138166692
139200147	139200168
139293728	139294098
139898893	139898917
140333034	140333058
141443941	141443965
141629717	141629740
141701323	141701342
141888794	141888815
142234532	142234552
142481687	142481707
142823653	142823677
142918182	142918206
143529739	143529763
144036692	144036716
144290622	144290645
144651149	144651169
144991314	144991334
145159016	145159036
145775299	145775319
146896584	146896607
147668041	147668065
148276312	148276336
149656206	149656227
150257669	150257690
150439767	150439788
151288146	151288166
152680041	152680061
155006969	155006993
156218137	156218157
156907137	156907161
157337406	157337427
158127977	158127996
163476717	163476741
164347646	164347670
167189625	167189646
168401707	168401731
168653068	168653089
168840291	168840314
170481916	170481939
171250064	171250087
171431607	171431627
172203490	172203859
172474535	172474558
172550364	172550385
172633301	172633322
172806084	172806105
173319621	173319645
173940575	173940595
174628738	174629107
174874856	174874879
175141020	175141043
176002152	176002175
176273593	176273616
177139935	177139959
177393128	177393149
178162262	178162282
178342906	178342926
178684083	178684104
179467886	179467906
179891336	179891359
180850123	180850147
181098007	181098030
181880783	181880806
181967544	181967913
182146151	182146174
182822711	182822731
183098432	183098452
186457517	186457538
187409628	187409649
187673795	187673815
193628544	193628565
194230979	194231002
195957225	195957248
196048686	196048706
196140115	196140135
196487691	196487712
197009378	197009401
197688596	197688619
197867390	197867414
198638104	198638129
201672723	201672747
202015377	202015400
202281003	202281023
202611759	202611780
202783716	202783739
204959128	204959151
205044843	205044864
205388580	205388604
207968672	207968693
208054163	208054183
208237413	208237436
209609099	209609122
210729670	210729691
210999248	210999271
212985039	212985059
212990057	212990078
213162248	213162271
213252637	213252657
214547186	214547209
215398077	215398098
215569093	215569117
215921829	215921852
217647851	217647875
217824804	217824824
218083364	218083384
218092731	218092755
218259568	218259588
219376522	219376542
221105005	221105025
222921704	222921725
224388597	224388621
225607692	225607717
225862674	225862698
226203435	226203455
227079522	227079542
228374277	228374297
228792669	228792689
228971442	228971466
232263457	232263480
232680403	232680423
232849359	232849729
234077745	234077768
234749225	234749250
234927064	234927088
235269407	235269431
236060363	236060387
236237985	236304018
237175785	237175806
237445362	237445382
237701297	237701322
237865438	237865458
238217272	238217296
239688453	239688473
239780229	239780253
239950479	239950499
240210588	240210611
240382359	240382383
240624228	240624252
240723638	240723658
240903272	240903293
241837438	241837462
242442193	242442213
242964597	242964621
244098611	244098631
244782874	244782895
245034852	245034876
245212344	245212713
246153930	246153955
246338834	246338854
246594707	246594728
246765601	246765625
247030884	247030908
247717597	247717617
247806588	247806608
247968501	247968867
247983604	247983624
248154737	248154757
248926550	248926574
249438910	249438934
249712547	249712567
249789496	249789520
249869829	249869849
249881781	249881804
249975085	249975109
250475502	250475523
250562152	250562172
250905974	250905998
252126649	252126669
252378357	252378723
252549370	252549391
252995885	252995905
253599676	253599700
254114617	254114638
254204682	254204702
254629512	254629535
254727293	254727316
255065034	255065054
255830894	255830914
256189980	256190001
257142326	257142350
257314980	257315005
257994160	257994184
258866115	258866136
259382661	259382685
259556076	259556100
260250028	260250049
260773853	260774220
261197752	261197775
261373379	261373403
261624820	261624844
261716323	261716343
262314741	262314765
263794313	263794338
263967148	263967171
264317939	264317960
264473270	264473290
264733933	264733957
266217797	266217817
266640263	266640286
267156761	267156785
267408270	267408294
267427954	267427978
267929908	267929928
268277542	268277566
268373100	268373125
268543696	268543719
268709635	268709655
269151971	269151995
269753105	269753125
270089227	270089246
270527257	270527277
271739709	271739733
271745703	271745723
271818808	271818828
272249356	272249377
272427073	272427096
276068187	276068211
276756783	276756803
276932365	276932385
277014039	277014059
277183602	277183626
277699971	277699995
279177452	279177472
281068138	281068162
281162915	281162935
281319775	281320141
281505257	281505278
281579770	281579790
282097731	282097754
282625736	282625757
282892688	282892712
283226548	283226571
284016322	284016691
285214660	285214680
286868005	286868030
287285504	287285525
288144228	288144251
289271659	289271680
289285698	289285718
289969047	289969071
290064010	290064033
290221144	290221169
290400137	290400158
290658296	290658320
290738791	290738811
290753289	290753309
290908810	290908831
291098098	291098122
291348957	291348976
291601931	291601955
291787509	291787532
293167740	293167763
295323297	295323318
295583491	295583511
295762037	295762061
296273430	296273454
298184613	298184633
299128957	299128977
299301829	299301853
299471310	299471334
300431808	300431828
300514911	300514936
300517477	300517501
300762842	300762863
300774929	300774949
301449914	301449938
302061400	302061424
303024182	303024207
303453652	303453676
304315862	304315885
304568244	304568265
304833219	304833242
305083087	305083111
305961755	305961775
308455175	308455198
308799298	308799667
311486783	311486803
312858918	312858939
313381736	313381760
319771618	319771639
320302245	320302265
323665230	323665254
323839445	323839468
324952573	324952597
324967857	324967881
325042497	325042867
325484472	325484493
326696183	326696553
327729426	327729449
327984967	327984987
331353612	331353636
331439441	331439465
331615738	331615758
331777162	331777186
331863473	331863492
332568591	332568612
335673699	335673722
335924560	335924929
336202335	336202358
336978208	336978232
337140819	337140840
340506115	340506135
341125482	341125502
342249800	342249823
342337021	342337044
342509828	342509852
342757509	342757529
342840722	342840742
342940860	342940880
343372877	343372897
343623592	343623612
343788609	343788633
344145948	344145969
344319760	344319780
344396561	344396581
344483809	344483832
344751937	344751960
344914978	344914998
345086348	345086371
345101898	345101923
345263344	345263364
345514819	345514840
345945723	345945747
346212805	346212829
346291468	346291488
346382995	346383019
346472095	346472116
346569797	346569818
346821307	346821327
347072716	347072739
347424919	347424943
347591869	347591892
347860494	347860518
348118984	348119004
348205941	348205964
348452179	348452203
348543917	348543937
348720971	348720994
348799792	348799816
348975019	348975043
349144356	349144380
349161528	349161549
350617751	350618121
351839026	351839050
352175328	352175351
352343597	352343618
352429549	352429569
352529638	352529662
353384748	353384772
353567419	353567439
353725116	353725137
354603123	354603143
354854451	354854472
355110177	355110198
355296003	355296026
355550976	355551000
355799822	355799843
356673071	356673094
356764231	356764254
357109779	357109803
358043595	358043616
358564556	358564580
358733279	358733303
359596820	359596844
360306214	360306234
362620993	362621016
362719757	362719781
363316789	363316813
368680131	368680155
368772101	368772122
369976197	369976216
370845285	370845305
371619788	371619811
371968661	371968684
372907957	372907977
373092839	373092862
373342378	373342402
373526261	373526281
374640332	374640355
374981236	374981256
375595803	375595826
376105535	376105559
376285396	376285420
377756586	377756606
377921558	377921578
378004518	378004539
378357162	378357187
378609347	378609371
378797545	378797568
378962073	378962093
379049823	379049846
379212487	379212508
379301387	379301411
379398159	379398180
379486945	379486965
379919976	379919999
380176773	380176797
380427350	380427374
382064456	382064477
382164994	382165363
382421399	382421419
382498126	382498149
383618234	383618603
384831241	384831262
384932117	384932140
385008017	385008037
385258726	385258749
386135684	386135703
387610437	387610457
388110778	388110799
388300851	388300872
388474509	388474532
388807832	388807855
388904548	388904571
392183550	392183573
393568788	393568808
393731905	393731928
394176927	394176951
394597954	394598323
395465347	395465372
396159793	396159814
396417996	396418019
396855203	396855223
397015397	397015417
397196667	397196691
397373059	397373079
397789380	397789404
400733707	400733728
400905032	400905055
401077894	401077917
401251269	401251290
402032179	402032199
402120573	402120593
402211988	402212012
404282251	404282275
406168432	406168456
406701298	406701321
407561855	407561876
408153932	408153956
408423282	408423307
408604972	408604993
409802131	409802151
410676871	410676894
413260014	413260034
413957110	413957133
414305783	414306152
415419912	415419935
415673005	415673029
415771496	415771517
416448984	416449004
417066028	417066049
417155955	417155979
417490098	417490123
417659718	417659739
419303856	419303877
419476757	419476780
419663129	419663153
419750640	419750660
419904348	419904371
420181537	420181561
420341316	420341339
420436657	420436677
420687665	420687686
420855480	420855500
421818739	421818763
422066956	422066976
423628939	423628964
425100480	425100503
426130468	426130488
426215918	426215938
426298891	426298915
426816268	426816288
427866714	427866738
428115500	428115520
428215122	428215146
428805161	428805181
429155014	429155038
429323382	429323405
430714489	430714509
430966720	430966744
430978920	430978944
431140496	431140520
432967121	432967146
433123256	433123280
433570885	433570908
433911612	433911636
434337294	434337315
434524185	434524206
435300800	435300820
435557169	435557192
436844736	436844759
439015906	439015927
439524650	439524673
439873780	439873800
439959267	439959291
440139286	440139306
440655703	440655727
441087941	441087961
441524145	441524168
443156470	443156837
443498306	443498329
443941761	443941784
444283837	444283860
444888654	444888677
445152733	445152754
445226450	445226471
445324677	445324697
446016847	446016871
446863802	446863825
447050504	447050528
447466749	447466769
448174219	448174239
448347046	448347070
448420349	448420372
448603126	448603493
448692691	448692715
448776478	448776498
448868247	448868271
449382455	449382825
449642322	449642346
449802206	449802230
450412851	450412872
450668873	450668898
452141892	452141916
452313733	452313757
452408563	452408582
452751881	452751901
453258967	453258990
453696806	453696830
453945947	453945967
455158209	455158232
456626075	456626095
456797275	456797295
457674695	457674719
457764894	457764915
458270236	458270259
458356495	458356518
458787849	458787873
458800816	458800839
458975134	458975154
459132454	459132477
459477959	459477983
459835786	459835810
460088659	460088679
460271248	460271273
460604957	460605324
460775868	460775892
461824446	461824470
461994058	461994082
462082813	462082834
462689448	462689472
462950392	462950415
463287550	463287574
463460342	463460366
463809138	463809162
464752161	464752531
466046846	466046866
466486971	466486994
466906519	466906543
466922189	466922210
467079604	467079627
467176190	467176214
467425332	467425353
467529911	467530281
468043069	468043093
472436395	472436419
472621833	472621854
472867273	472867297
473052425	473052445
475650489	475650510
477116520	477116544
477197218	477197587
478580404	478580428
480311512	480311532
480651390	480651410
480832504	480832529
483252765	483252786
483580915	483580939
484102839	484102859
485843144	485843167
486093556	486093579
486436710	486436731
487042998	487043021
487129485	487129508
487816611	487816632
488955246	488955270
489040645	489040669
489370855	489370878
491012576	491012946
491621361	491621385
492062326	492062692
492234960	492234981
493017702	493017722
493443598	493443621
495945022	495945046
496028008	496028028
496294026	496294045
496379564	496379587
496801204	496801227
497760899	497760920
498017510	498017534
498368363	498368387
498541290	498541315
499225646	499225667
499754184	499754208
504160028	504160047
507788381	507788404
508129238	508129261
508740941	508740964
509588064	509588567
509775880	509775901
510290627	510290648
510720033	510720054
511239651	511239672
511489749	511489772
511662769	511662790
511764518	511764543
511922963	511922984
512528736	512528759
512620143	512620163
514435272	514435296
514698022	514698045
519196679	519196699
519451022	519451042
520057396	520057419
520144797	520144817
520395244	520395264
520573074	520573093
520733198	520733218
520835775	520835800
521357561	521357586
521526870	521526893
521769717	521769740
522471428	522471448
524116695	524116719
527387822	527387842
527486761	527486785
527577867	527577888
528441798	528441819
532490333	532490356
533789571	533789594
535177326	535177347
535425517	535425537
535686931	535686951
536631423	536631447
537506627	537506648
538975530	538975550
539748000	539748023
540267205	540267229
540879640	540879660
540956754	540956778
541130595	541130616
541385080	541385100
541571063	541571084
542080747	542080766
543127198	543127218
543552286	543552310
544508422	544508442
544586427	544586450
545023448	545023471
545103193	545103217
545272167	545272191
545376949	545376969
545532204	545532228
545709484	545709505
547534505	547534525
547877555	547877576
548738119	548738143
550294206	550294572
550387987	550388011
550467795	550467818
550551414	550551438
551495584	551495608
552100449	552100469
552269263	552269286
552277846	552277866
552455039	552455062
553046635	553046659
553062034	553062058
553232325	553232345
553309496	553309517
553741920	553741920
553999714	553999737
554086262	554086286
554353221	554353244
555813812	555813836
556164104	556164128
556951275	556951296
558933092	558933112
561879291	561879314
562206754	562206774
566701213	566701233
566876617	566876640
567395318	567395341
567577423	567577447
567667953	567667976
567825339	567825362
567917957	567917977
567998784	567998784
568167266	568167264
568255392	568255392
568346288	568346311
568519249	568519266
568702168	568702188
568785529	568785898
569477520	569477540
569649024	569649024
569736541	569736564
569907624	569907647
570948769	570948792
571639025	571639050
572056210	572056234
572246334	572246357
572494448	572494471
573100195	573100215
573352486	573352510
573364702	573364726
574562706	574562726
574656163	574656183
574738151	574738174
574835780	574835800
574911899	574911919
575172658	575172681
575352525	575352548
575778310	575778330
576029252	576029276
576807585	576807606
576825583	576825606
576991469	576991489
577157645	577157668
577673900	577673920
578361931	578361955
578381629	578381649
578539775	578539796
578629587	578629608
578883684	578883707
578890784	578890804
578980427	578980451
579066818	579066841
580439908	580439929
580612693	580612713
580698352	580698721
580799117	580799138
581578353	581578376
582005399	582005419
582177068	582177087
583119095	583119115
583207883	583207906
583383491	583383515
583460326	583460349
583824233	583824253
585621079	585621103
585893252	585893272
585973562	585973583
587194764	587194784
587438407	587438430
588315080	588315100
588566763	588566784
589595617	589595641
589611385	589611754
589773417	589773437
589954804	589954825
590642859	590642880
590821821	590821845
591074548	591074568
591153158	591153181
591235257	591235280
591585208	591585233
593055140	593055164
593312363	593312386
593404049	593404068
593495450	593495470
593662438	593662461
593922508	593922528
593929200	593929223
594099448	594099473
594349056	594349076
594524578	594524598
595127905	595127928
597381152	597381172
597553920	597553943
599193901	599193922
601518890	601518913
602744091	602744114
604121910	604121933
604212128	604212497
606967070	606967089
607132821	607132844
607140812	607140836
607498683	607498706
609986837	609986860
611726689	611726709
611900828	611900849
612057662	612057682
612241011	612241032
613269182	613269206
613802293	613802313
614044913	614044933
614145139	614145163
614317152	614317176
614484732	614484752
614583262	614583282
614740657	614740678
614914126	614914149
615180462	615180485
615438544	615438565
615614818	615614838
615773715	615773736
616037465	616037488
616813170	616813190
617000903	617000926
617163408	617163428
618039465	618039489
618121273	618121294
618290145	618290514
618640532	618640555
620273429	620273450
621739983	621740003
621922342	621922365
622435347	622435367
622617693	622617712
622869282	622869302
623118791	623118814
623821222	623821246
624673041	624673065
624948507	624948527
625122451	625122474
625197667	625197687
625279881	625279904
625374872	625374893
625458311	625458335
625640008	625640029
625882114	625882483
625974533	625974553
626147318	626147342
626238616	626238635
626320912	626320931
626404675	626404696
626592769	626592792
626762132	626762156
627350412	627350436
627449857	627449881
627711621	627711640
628579347	628579371
628746989	628747013
628830063	628830432
629530540	629530560
629611129	629611499
629949363	629949383
630126872	630126892
630215622	630215642
631158912	631158912
631412064	631412064
635045566	635045590
637377182	637377202
637475152	637475176
637813012	637813035
637900182	637900205
638167978	638168002
638334800	638334823
638418326	638418346
638668946	638668967
638687414	638687438
638855043	638855064
639023060	639023084
