82444955	82445052
86578468	86578885
86846260	86846327
88838650	88838722
90980185	90980259
92548615	92548683
95658688	95658750
96777072	96777127
98845160	98845223
101625816	101625877
102999673	103000093
105077953	105077978
108872030	108872091
109039733	109039792
110953241	110953304
111044271	111044330
112422401	112422422
112586470	112586494
113544627	113544651
114497410	114497431
118559044	118559068
119503679	119503703
123226532	123226552
123388714	123388739
123482373	123482397
123825371	123825395
125895197	125895221
126157385	126157411
126489851	126489872
128140258	128140282
128402591	128402612
131761895	131761920
134010764	134010785
134611563	134611584
137813194	137813219
139625945	139625970
140315521	140315546
141705602	141705627
141797230	141797254
142133661	142133685
143868451	143868471
145940923	145940947
150170269	150170293
150346429	150346450
152066843	152066864
155089101	155089126
155438157	155438181
156049964	156049988
157088204	157088224
157255977	157256002
159757334	159757359
164433960	164433985
165456261	165456286
168929768	168929792
169191196	169191220
169355287	169355311
169440882	169440902
169612940	169612964
169696876	169696901
169789168	169789189
170918676	170918700
171850622	171850647
172382855	172382879
172895906	172895930
173507100	173507124
174013509	174013533
174961740	174961765
175400798	175400823
180670479	180670500
180941051	180941075
181105047	181105072
182393443	182393468
186895344	186895368
187939294	187939315
188276964	188276988
188283909	188283934
188444949	188445315
190344621	190344646
194240264	194240285
194317540	194317561
195266949	195266974
195610672	195610693
197176959	197176984
198812846	198812867
200034534	200034555
200209116	200209141
200450843	200450864
202528608	202528632
204176662	204177032
204351769	204351793
204601542	204601564
205032716	205032740
206243214	206243238
206687032	206687057
210048347	210048372
210302248	210302269
210482048	210482069
210740966	210740990
213601139	213601161
217561508	217561528
219557521	219557545
222913072	222913092
223536814	223536838
223701031	223701052
225263316	225263337
228628624	228628649
230091039	230091064
230176779	230176800
230430653	230430678
231038396	231038417
231476849	231476870
232417887	232417912
232855984	232856004
233036404	233036425
233455557	233455578
233888399	233888423
234064694	234064715
238997589	238997955
239514937	239514962
239934659	239934684
241334503	241335265
241580744	241580769
243486606	243486627
244609978	244609999
245208490	245208514
245215560	245215584
247111829	247111853
247204442	247204466
247364410	247364431
247456515	247456540
250910960	250910984
251096089	251096114
251251356	251251377
251436470	251436494
253858090	253858114
254546534	254546559
255331267	255331287
255919894	255920265
256358454	256358478
258525549	258525573
258685404	258685429
259558795	259558820
260414059	260414084
260508496	260508520
260600823	260600847
260761499	260761520
261896017	261896039
262230981	262231002
262846340	262846365
263095148	263095172
264989841	264989866
265781599	265781969
268624937	268624961
268809800	268809824
270105594	270105618
270610265	270610289
271311193	271311564
272782211	272782232
273734245	273734269
273986136	273986506
274161431	274161452
278048583	278048604
283149298	283149322
283325069	283325093
284694942	284694966
285738729	285738753
287716764	287716788
288154810	288154834
289615716	289615740
289872510	289872876
290236610	290236634
290660443	290660463
293000755	293000779
293605398	293605422
297484337	297484707
300770669	300770690
303610059	303610080
303708605	303708972
304391660	304391685
305269665	305269686
305444361	305444385
305524682	305524703
305770023	305770044
305951532	305951553
306031003	306031023
306209811	306209835
306300272	306300296
306993443	306993467
307164538	307164562
308545642	308545666
311051409	311051432
315111600	315111621
316934392	316934417
317450303	317450327
321845650	321845671
325296000	325296021
326171710	326171734
326956247	326956617
327291274	327291298
328167136	328167160
330913842	330913867
331174286	331174306
331434884	331434904
334040151	334040175
338084231	338084255
338264244	338264265
338524224	338524248
338698445	338698466
338953304	338953328
339127149	339127173
339830653	339830678
340089427	340089452
346032496	346032866
346387186	346387211
346639793	346639817
346828716	346828740
348106553	348106578
348540243	348540264
348555124	348555148
348802981	348803005
350964923	350964944
353128467	353128491
353732064	353732085
356756879	356756902
359869915	359869938
367734358	367734378
369032038	369032061
370242485	370242509
370664943	370664963
370934350	370934373
371613452	371613476
372488943	372488963
372747884	372747908
374035157	374035178
374721440	374721461
374907841	374907864
375066733	375066757
375244341	375244707
376892758	376892779
377060275	377060299
377325324	377325348
377751481	377751505
377835248	377835271
377933723	377933743
378087311	378087335
378189701	378189722
380680491	380680511
381369663	381369688
381464019	381464040
381646318	381646341
381889910	381889930
382508544	382508568
384920264	384920287
385014410	385014430
385516942	385516966
386300025	386300045
386391337	386391361
386481485	386481508
388205803	388205823
388895378	388895398
393304033	393304054
395194827	395194848
397283098	397283118
397534557	397534578
397975295	397975319
398145217	398145240
398650076	398650095
402714885	402714904
405653644	405653667
405747455	405747476
406263612	406263635
406444871	406444894
406529445	406529465
406772206	406772230
407395963	407395986
409366701	409366725
410059740	410059760
414290748	414290769
415515769	415515790
415757010	415757034
416028305	416028325
416544280	416544304
416627962	416627983
419055012	419055035
420255885	420255909
421033552	421033576
421286497	421286521
423973847	423973867
424064654	424064674
424916179	424916203
425351710	425351731
425523787	425523811
425788905	425788929
426212083	426212107
436759000	436759020
437187900	437187925
441262327	441262350
442466801	442466825
445748013	445748037
448423112	448423133
450234789	450234810
450764431	450764455
451874992	451875017
451961272	451961296
451972407	451972427
455260204	455260228
455506965	455506988
456989109	456989475
457761053	457761077
460427621	460427642
470467062	470467086
470968638	470969004
476671854	476671878
478919589	478919609
479272515	479272536
479618108	479618128
479694123	479694144
480042982	480043006
481342392	481342413
483159587	483159611
487482773	487482797
487733686	487734056
487904751	487905121
489036515	489036539
489805154	489805177
490238078	490238102
491374089	491374109
491538504	491538528
493790163	493790187
494397362	494397384
494558291	494558312
495260700	495260725
496984330	496984353
498546456	498546477
498802885	498802910
498974129	498974153
500435747	500435768
502763494	502763518
504152659	504152678
504408447	504408471
504590900	504590923
504845112	504845136
505100483	505100503
507790080	507790100
509513003	509513026
510384293	510384317
510538569	510538593
512365912	512365932
512611343	512611366
512788624	512788644
513144300	513144324
513230839	513230862
514783395	514783418
514787058	514787082
515739865	515739885
519884457	519884477
520140971	520140994
521439599	521439622
521691151	521691174
528347666	528347689
534478567	534478590
534661685	534661709
541829122	541829143
542001156	542001179
542257169	542257193
542698311	542698335
547955981	547956001
548225781	548226147
552187061	552187085
561438555	561438578
563766214	563766238
564632290	564632659
564722515	564722534
566784207	566784228
567476383	567476403
568357568	568357595
568602162	568601881
575604676	575604699
575786042	575786062
576634113	576634482
581741751	581741771
583646093	583646113
584508468	584508489
585969390	585969413
589858886	589858910
592965880	592965900
595661923	595661947
595815549	595815568
595911359	595911379
596423663	596423686
598761525	598761548
599015142	599015162
599366488	599366512
599882155	599882595
600998400	600998400
601272288	601272288
602388982	602389003
602644686	602644709
602832996	602833020
602907031	602907055
603003891	603003911
603090406	603090430
603521775	603522144
604637812	604637835
605065762	605066131
605078303	605078324
605843964	605843984
606022173	606022197
607656034	607656403
611289128	611289151
611539299	611539322
611645553	611645576
612666902	612666922
612846676	612846700
614566001	614566020
615100144	615100168
615263951	615263975
618198975	618198999
618547485	618547505
620525743	620525763
627102787	627102807
627193234	627193257
628839084	628839107
629085342	629085365
629344880	629344903
629427504	629427527
629861350	629861374
630646840	630646864
630908364	630908388
630988276	630988299
632727375	632727396
632809152	632809152
632971162	632971182
632981169	632981192
633917873	633917892
633926554	633926581
634005103	634005126
634187586	634187603
634364520	634364543
634537528	634537552
634617059	634617082
634695317	634695337
634792179	634792199
635646003	635646026
635914837	635914860
635995001	635995024
636083102	636083126
636169537	636169560
636253171	636253195
636356071	636356091
638502994	638503018
